-2.96920000000000d+00
0.00000000000000d+00
0.00000000000000d+00
0.00000000000000d+00
0.00000000000000d+00
0.00000000000000d+00
0.00000000000000d+00
-2.77346000000000d+00
0.00000000000000d+00
0.00000000000000d+00
0.00000000000000d+00
0.00000000000000d+00
0.00000000000000d+00
0.00000000000000d+00
3.42658000000000d+01
-6.76518000000000d+01
0.00000000000000d+00
-3.65925000000000d+00
7.14224000000000d-01
-1.07508000000000d-03
0.00000000000000d+00
2.86431000000000d+01
-6.52460000000000d+01
0.00000000000000d+00
0.00000000000000d+00
0.00000000000000d+00
0.00000000000000d+00
0.00000000000000d+00
4.86604000000000d+01
-5.48875000000000d+01
-3.97262000000000d+01
-2.10799000000000d-01
4.42879000000000d-01
-7.97753000000000d-02
8.33333000000000d-01
3.88571000000000d+00
-1.03585000000000d+01
0.00000000000000d+00
0.00000000000000d+00
0.00000000000000d+00
0.00000000000000d+00
-1.50000000000000d+00
2.39030000000000d+01
0.00000000000000d+00
-3.97262000000000d+01
-2.10799000000000d-01
4.42879000000000d-01
-7.97753000000000d-02
-6.66667000000000d-01
9.50848000000000d+00
-1.27643000000000d+01
0.00000000000000d+00
-3.65925000000000d+00
7.14224000000000d-01
-1.07508000000000d-03
-1.50000000000000d+00
-8.79827000000000d+00
-1.27809000000000d+01
0.00000000000000d+00
1.69229000000000d+01
-2.57325000000000d+00
2.08997000000000d-01
-1.50000000000000d+00
1.98307000000000d+00
-9.22026000000000d+00
0.00000000000000d+00
0.00000000000000d+00
0.00000000000000d+00
0.00000000000000d+00
-1.50000000000000d+00
-3.87055000000000d+01
-2.50605000000000d+00
0.00000000000000d+00
0.00000000000000d+00
0.00000000000000d+00
0.00000000000000d+00
-1.50000000000000d+00
2.45058000000000d+01
0.00000000000000d+00
-4.62525000000000d+01
5.58901000000000d+00
7.61843000000000d+00
-3.68300000000000d+00
-6.66667000000000d-01
-5.05494000000000d+01
-1.28332000000000d+01
2.13721000000000d+01
3.77649000000000d+01
-4.10635000000000d+00
2.49618000000000d-01
-1.50000000000000d+00
8.03977000000000d+00
-1.56290000000000d+01
0.00000000000000d+00
0.00000000000000d+00
0.00000000000000d+00
0.00000000000000d+00
-1.50000000000000d+00
8.60234000000000d+01
-3.87313000000000d-01
-2.68327000000000d+01
-1.16137000000000d+02
9.50567000000000d-03
9.99755000000000d-03
-1.50000000000000d+00
2.11065000000000d+01
0.00000000000000d+00
-2.32205000000000d+01
0.00000000000000d+00
0.00000000000000d+00
-2.00000000000000d+00
-6.66667000000000d-01
-1.36664000000000d+01
-1.90396000000000d+00
0.00000000000000d+00
2.38634000000000d+01
-3.70135000000000d+00
2.89640000000000d-01
-1.50000000000000d+00
4.72333000000000d+01
0.00000000000000d+00
-5.65351000000000d+01
-8.96208000000000d-01
-1.72024000000000d+00
1.85409000000000d-01
-6.66667000000000d-01
4.79212000000000d+01
0.00000000000000d+00
-5.94896000000000d+01
4.47205000000000d+00
-4.78989000000000d+00
5.57201000000000d-01
-6.66667000000000d-01
1.92596000000000d+01
0.00000000000000d+00
-2.53278000000000d+01
6.49310000000000d+00
-9.27513000000000d+00
-6.10439000000000d-01
-6.66667000000000d-01
8.21556000000000d-01
-3.77704000000000d+00
0.00000000000000d+00
8.09341000000000d+00
-6.15971000000000d-01
3.11590000000000d-02
-1.50000000000000d+00
-2.66839000000000d+00
-2.25958000000000d+00
0.00000000000000d+00
0.00000000000000d+00
0.00000000000000d+00
0.00000000000000d+00
-1.50000000000000d+00
8.52628000000000d+01
2.23453000000000d-01
-1.45844000000000d+02
8.72612000000000d+00
-5.54035000000000d-01
-1.37562000000000d-01
-6.88807000000000d+00
9.72435000000000d+01
-2.68514000000000d-01
-1.19324000000000d+02
-3.22497000000000d+01
1.46214000000000d+00
-2.00893000000000d-01
1.32148000000000d+01
3.00397000000000d+01
-1.85791000000000d+01
-2.64162000000000d+01
0.00000000000000d+00
0.00000000000000d+00
-2.00000000000000d+00
-6.66667000000000d-01
-2.62862000000000d+01
-1.95422000000000d+01
5.18642000000000d+00
-3.47936000000000d+01
1.68225000000000d+02
-1.15825000000000d+02
-1.50000000000000d+00
-6.44575000000000d+00
-2.28216000000000d+01
0.00000000000000d+00
1.80416000000000d+01
-1.54137000000000d+00
8.47506000000000d-02
-1.50000000000000d+00
-2.68683000000000d+01
-9.63012000000000d-01
5.18642000000000d+00
-3.47936000000000d+01
1.68225000000000d+02
-1.15825000000000d+02
-1.50000000000000d+00
2.94576000000000d+01
0.00000000000000d+00
-2.64162000000000d+01
0.00000000000000d+00
0.00000000000000d+00
-2.00000000000000d+00
-6.66667000000000d-01
-7.02789000000000d+00
-4.24250000000000d+00
0.00000000000000d+00
1.80416000000000d+01
-1.54137000000000d+00
8.47506000000000d-02
-1.50000000000000d+00
6.03424000000000d+01
-2.22348000000000d+01
-3.19320000000000d+01
-7.70334000000000d+01
-4.36847000000000d+01
-4.28955000000000d+00
-6.66667000000000d-01
-1.34595000000000d+01
-2.41120000000000d+01
0.00000000000000d+00
0.00000000000000d+00
0.00000000000000d+00
0.00000000000000d+00
-1.50000000000000d+00
-1.14335000000000d+01
-2.56606000000000d+01
0.00000000000000d+00
2.15210000000000d+01
-1.90355000000000d+00
9.27240000000000d-02
-1.50000000000000d+00
-1.29190000000000d+01
-1.87716000000000d+00
0.00000000000000d+00
0.00000000000000d+00
0.00000000000000d+00
0.00000000000000d+00
-1.50000000000000d+00
6.08829000000000d+01
0.00000000000000d+00
-3.19320000000000d+01
-7.70334000000000d+01
-4.36847000000000d+01
-4.28955000000000d+00
-6.66667000000000d-01
-1.08930000000000d+01
-3.42575000000000d+00
0.00000000000000d+00
2.15210000000000d+01
-1.90355000000000d+00
9.27240000000000d-02
-1.50000000000000d+00
1
2
3
6
9
13
15
18
19
20
23
24
25
28
31
34
0
0
2
2
3
1
2
0
0
2
0
0
2
2
2
2
