# npts =   320
# num of variables =     6
# density
# temperature
# pressure
# carbon-12       
# oxygen-16       
# ash             
      781250.0000000000          2644829598.240624          625423845.7493418         0.1775124016024467E+28     0.4969597968513355         0.4980044302516176         0.5035772897046839E-02
      2343750.000000000          2639524258.856336          624774671.9763136         0.1770354298320872E+28     0.4969599655642178         0.4980045410215821         0.5035493414200079E-02
      3906250.000000000          2628953265.516088          623479326.4541888         0.1760860216423466E+28     0.4969602168502266         0.4980047062358291         0.5035076913944399E-02
      5468750.000000000          2613196542.405668          621543678.5612174         0.1746732688675448E+28     0.4969607160474468         0.4980050357507296         0.5034248201823493E-02
      7031250.000000000          2592372360.587359          618976611.5695603         0.1728105838534049E+28     0.4969614827923449         0.4980055413047553         0.5032975902899728E-02
      8593750.000000000          2566635670.802076          615789836.9950413         0.1705154583213553E+28     0.4969625396880087         0.4980062388432266         0.5031221468764771E-02
      10156250.00000000          2536175918.796876          611997809.1478807         0.1678091457609340E+28     0.4969638895985380         0.4980071289509337         0.5028981450528167E-02
      11718750.00000000          2501214037.649499          607617602.1748964         0.1647162812039149E+28     0.4969654458937138         0.4980081550556835         0.5026399050602678E-02
      13281250.00000000          2461997261.874689          602668392.2232693         0.1612644514020580E+28     0.4969671631484549         0.4980092874874600         0.5023549364084974E-02
      14843750.00000000          2418800101.298037          597171806.7089795         0.1574837257418867E+28     0.4969690735697631         0.4980105466319265         0.5020379798310404E-02
      16406250.00000000          2371918432.834074          591151557.2462163         0.1534061571917491E+28     0.4969711482967821         0.4980119138395822         0.5016937863635636E-02
      17968750.00000000          2321664483.189780          584633045.5225329         0.1490652714417345E+28     0.4969733472207380         0.4980133629951942         0.5013289784067735E-02
      19531250.00000000          2268362487.590188          577643069.7017485         0.1444955568298424E+28     0.4969756388625154         0.4980148730455285         0.5009488091956178E-02
      21093750.00000000          2212344740.812968          570209590.0083758         0.1397319661712498E+28     0.4969779920457200         0.4980164243338083         0.5005583620471771E-02
      22656250.00000000          2153948199.811869          562361545.2088528         0.1348094400806550E+28     0.4969803815846558         0.4980179987484338         0.5001619666910418E-02
      24218750.00000000          2093511691.331421          554128743.9322240         0.1297624593892130E+28     0.4969827848463257         0.4980195813111311         0.4997633842543240E-02
      25781250.00000000          2031373662.504173          545541833.7877828         0.1246246324280393E+28     0.4969851611642078         0.4980211463697348         0.4993692466057297E-02
      27343750.00000000          1967868471.566425          536632012.1229396         0.1194283238945201E+28     0.4969875019516218         0.4980226889568553         0.4989809091522909E-02
      28906250.00000000          1903317488.312764          527429991.9550657         0.1142043395962371E+28     0.4969897963008742         0.4980241990556585         0.4986004643467307E-02
      30468750.00000000          1838036966.124820          517967242.1847366         0.1089816586473074E+28     0.4969921171009228         0.4980257281600146         0.4982154739062716E-02
      32031250.00000000          1772324101.646196          508274277.8045936         0.1037872168142283E+28     0.4969944101589288         0.4980272385787809         0.4978351262290257E-02
      33593750.00000000          1706457676.875098          498380672.7054123         0.9864575727610758E+27     0.4969966620697729         0.4980287205431373         0.4974617387089816E-02
      35156250.00000000          1640701136.774786          488315577.4735253         0.9357972288349460E+27     0.4969988903498446         0.4980301883783698         0.4970921271785602E-02
      36718750.00000000          1575304740.819723          478108176.8402387         0.8860918228736604E+27     0.4970010980873668         0.4980316424252910         0.4967259487342206E-02
      38281250.00000000          1510495698.139443          467786199.5123845         0.8375180549291131E+27     0.4970032838745248         0.4980330811530756         0.4963634972399563E-02
      39843750.00000000          1446486151.440297          457377134.3761393         0.7902288056884414E+27     0.4970054665025131         0.4980345187638948         0.4960014733592127E-02
      41406250.00000000          1383461456.534438          446906279.2941496         0.7443536808409367E+27     0.4970077301857306         0.4980360098954333         0.4956259918836117E-02
      42968750.00000000          1321584348.121019          436397329.4137471         0.6999999931828143E+27     0.4970100072211652         0.4980375088642378         0.4952483914596980E-02
      44531250.00000000          1261003716.644550          425873777.8520966         0.6572537897074764E+27     0.4970120458645523         0.4980388519208960         0.4949102214551641E-02
      46093750.00000000          1201849483.462589          415357680.1408607         0.6161810001405939E+27     0.4970140510938904         0.4980401725883017         0.4945776317807913E-02
      47656250.00000000          1144234581.537986          404870203.7879850         0.5768287984829639E+27     0.4970160569487005         0.4980414926338743         0.4942450417425128E-02
      49218750.00000000          1088248306.321038          394430172.8625298         0.5392271661527175E+27     0.4970180664162916         0.4980428156038774         0.4939117979830951E-02
      50781250.00000000          1033960850.807719          384054559.0189685         0.5033905969652658E+27     0.4970200771409005         0.4980441397188101         0.4935783140289317E-02
      52343750.00000000          981433606.8299042          373760297.1777179         0.4693196120336038E+27     0.4970220899030071         0.4980454664474445         0.4932443649548406E-02
      53906250.00000000          930711758.3815895          363562780.2023745         0.4370022365968012E+27     0.4970240931911987         0.4980467848582621         0.4929121950539187E-02
      55468750.00000000          881827757.0317471          353476333.5326685         0.4064155520521757E+27     0.4970260945147579         0.4980481030365579         0.4925802448684161E-02
      57031250.00000000          834794120.6294851          343512454.7173910         0.3775272939849106E+27     0.4970280872827942         0.4980494153887289         0.4922497328476915E-02
      58593750.00000000          789617336.6748458          333682429.3969133         0.3502973159755717E+27     0.4970300716342265         0.4980507223831648         0.4919205982608775E-02
      60156250.00000000          746295106.6620663          323996701.9050562         0.3246788079879614E+27     0.4970320442238627         0.4980520215185439         0.4915934257593488E-02
      61718750.00000000          704816942.4807472          314464853.4353979         0.3006194941058076E+27     0.4970340009470035         0.4980533095595749         0.4912689493421615E-02
      63281250.00000000          665157406.6329801          305093780.6020201         0.2780628686383141E+27     0.4970359422382684         0.4980545871901382         0.4909470571593367E-02
      64843750.00000000          627287786.2432038          295890116.2184868         0.2569492896649721E+27     0.4970378660041976         0.4980558540283139         0.4906279967488628E-02
      66406250.00000000          591175469.8525378          286860060.9078133         0.2372168130074571E+27     0.4970397734796352         0.4980571110528929         0.4903115467471933E-02
      67968750.00000000          556783049.0344810          278009061.5696636         0.2188019797986500E+27     0.4970416520517866         0.4980583474513608         0.4900000496852547E-02
      69531250.00000000          524062903.2121872          269340156.6450078         0.2016406356372426E+27     0.4970435088032559         0.4980595705631327         0.4896920633611509E-02
      71093750.00000000          492967899.9973617          260856540.4351673         0.1856685999971283E+27     0.4970453363237993         0.4980607741489365         0.4893889527264081E-02
      72656250.00000000          463449419.8063905          252561056.2767932         0.1708221271028638E+27     0.4970471306105833         0.4980619558026058         0.4890913586810898E-02
      74218750.00000000          435456033.4955059          244455738.0526138         0.1570383589891603E+27     0.4970488882888906         0.4980631127637288         0.4887998947380597E-02
      75781250.00000000          408930533.6594228          236540712.6675321         0.1442557876095877E+27     0.4970506036751802         0.4980642424691009         0.4885153855718923E-02
      77343750.00000000          383819154.4366553          228816783.5669662         0.1324145692432121E+27     0.4970522745908286         0.4980653424997973         0.4882382909374120E-02
      78906250.00000000          360067742.0488176          221284346.2893983         0.1214567069333811E+27     0.4970538971671044         0.4980664105351181         0.4879692297777473E-02
      80468750.00000000          337619591.9122986          213942589.6964363         0.1113262813846689E+27     0.4970554654092841         0.4980674438012033         0.4877090789512656E-02
      82031250.00000000          316417576.9715922          206789974.4327862         0.1019696430796798E+27     0.4970569753898589         0.4980684381423179         0.4874586467823168E-02
      83593750.00000000          296407898.6126257          199825501.3895024         0.9333548399514044E+26     0.4970584223121718         0.4980693917269547         0.4872185960873332E-02
      85156250.00000000          277537325.6708832          193047821.6617267         0.8537486581783828E+26     0.4970597916341392         0.4980702932203214         0.4869915145539363E-02
      86718750.00000000          259750377.2761278          186454083.9924899         0.7804130146897538E+26     0.4970610819503159         0.4980711416801709         0.4867776369513341E-02
      88281250.00000000          242995335.8375935          180042034.6693899         0.7129076936085755E+26     0.4970622846589656         0.4980719337910214         0.4865781550012822E-02
      89843750.00000000          227222460.1983373          173809468.6022732         0.6508165046374021E+26     0.4970633882721745         0.4980726611726050         0.4863950555220506E-02
      91406250.00000000          212381835.7570804          167753355.9415563         0.5937470399017086E+26     0.4970643829411872         0.4980733158184866         0.4862301240326207E-02
      92968750.00000000          198424694.5621706          161870247.3810796         0.5413304032804973E+26     0.4970652378100754         0.4980738786044770         0.4860883585447574E-02
      94531250.00000000          185305742.4815622          156157294.5788513         0.4932203543559815E+26     0.4970659511285488         0.4980743492017610         0.4859699669690115E-02
      96093750.00000000          172981063.0790772          150611454.0725896         0.4490923479412603E+26     0.4970664730054747         0.4980746922078055         0.4858834786719726E-02
      97656250.00000000          161400827.7621285          145041989.1830771         0.4086436637711613E+26     0.4980480726766959         0.4987189274513072         0.3232999871996821E-02
      99218750.00000000          150526199.8272080          139468138.3350926         0.3715922844176840E+26     0.4999999999493953         0.4999999999506047         0.9999999999058279E-10
      100781250.0000000          140334450.3141608          134420759.4423272         0.3376731556369314E+26     0.4999999999499930         0.4999999999500071         0.9999999999000707E-10
      102343750.0000000          130775103.4277769          129525199.7527803         0.3066390793228357E+26     0.4999999999499930         0.4999999999500071         0.9999999999000707E-10
      103906250.0000000          121806157.6267427          126732827.0220722         0.2782623819997116E+26     0.4999999999500000         0.4999999999500000         0.9999999999000000E-10
      105468750.0000000          113396376.6685992          125711786.0321521         0.2523320664861649E+26     0.4999999999499946         0.4999999999500053         0.9999999999000535E-10
      107031250.0000000          105518890.1159237          124709157.0387822         0.2286515576368476E+26     0.4999999999500000         0.4999999999500000         0.9999999999000000E-10
      108593750.0000000          98142200.03817996          123723707.9071797         0.2070382131261616E+26     0.4999999999500000         0.4999999999500000         0.9999999999000000E-10
      110156250.0000000          91237300.15579586          122752912.6094668         0.1873230249509171E+26     0.4999999999500000         0.4999999999500000         0.9999999999000000E-10
      111718750.0000000          84776173.98042864          121798327.8204450         0.1693497111212467E+26     0.4999999999499943         0.4999999999500057         0.9999999999000566E-10
      113281250.0000000          78731780.48795527          120858648.2161367         0.1529739873864684E+26     0.4999999999499966         0.4999999999500033         0.9999999999000333E-10
      114843750.0000000          73079421.49321176          119932387.7431550         0.1380627220079473E+26     0.4999999999499930         0.4999999999500071         0.9999999999000707E-10
      116406250.0000000          67795493.51073925          119018877.0599475         0.1244931084299357E+26     0.4999999999499996         0.4999999999500006         0.9999999999000054E-10
      117968750.0000000          62857082.15935449          118118043.3416341         0.1121520286326958E+26     0.4999999999499937         0.4999999999500064         0.9999999999000637E-10
      119531250.0000000          58243329.85086641          117230372.6149708         0.1009353480394234E+26     0.4999999999500000         0.4999999999500000         0.9999999999000000E-10
      121093750.0000000          53934393.68259395          116362988.6597672         0.9074720970418427E+25     0.4999999999500000         0.4999999999500000         0.9999999999000000E-10
      122656250.0000000          49911052.99885420          115513393.4609034         0.8149949013930375E+25     0.4999999999500000         0.4999999999500000         0.9999999999000000E-10
      124218750.0000000          46155828.08436062          114678499.2156672         0.7311121351707246E+25     0.4999999999500000         0.4999999999500000         0.9999999999000000E-10
      125781250.0000000          42652115.58801113          113856975.8473910         0.6550797135103603E+25     0.4999999999500000         0.4999999999500000         0.9999999999000000E-10
      127343750.0000000          39383896.38029159          113046361.2893528         0.5862146959004484E+25     0.4999999999500000         0.4999999999500000         0.9999999999000000E-10
      128906250.0000000          36336629.07748366          112226518.6049476         0.5238904679113081E+25     0.4999999999500000         0.4999999999500000         0.9999999999000000E-10
      130468750.0000000          33496455.47711501          111373460.3714144         0.4675320891345814E+25     0.4999999999500000         0.4999999999500000         0.9999999999000000E-10
      132031250.0000000          30850063.74786867          110512061.8163848         0.4166126348425178E+25     0.4999999999500000         0.4999999999500000         0.9999999999000000E-10
      133593750.0000000          28385370.20283985          109643062.8326823         0.3706492937194380E+25     0.4999999999500000         0.4999999999500000         0.9999999999000000E-10
      135156250.0000000          26090769.52271025          108754256.3584749         0.3291997301186081E+25     0.4999999999500000         0.4999999999500000         0.9999999999000000E-10
      136718750.0000000          23955359.94199626          107852034.7131134         0.2918590446751495E+25     0.4999999999500000         0.4999999999500000         0.9999999999000000E-10
      138281250.0000000          21969142.73869223          106924414.9231787         0.2582565851152196E+25     0.4999999999500000         0.4999999999500000         0.9999999999000000E-10
      139843750.0000000          20122432.26269250          105960772.5459302         0.2280532230259553E+25     0.4999999999500000         0.4999999999500000         0.9999999999000000E-10
      141406250.0000000          18406306.71901341          104997130.1686817         0.2009388835006744E+25     0.4999999999500000         0.4999999999500000         0.9999999999000000E-10
      142968750.0000000          16812517.01798606          103937032.3211973         0.1766299644955820E+25     0.4999999999500000         0.4999999999500000         0.9999999999000000E-10
      144531250.0000000          15332993.68064920          102863436.6626849         0.1548673092721855E+25     0.4999999999500000         0.4999999999500000         0.9999999999000000E-10
      146093750.0000000          13960466.91488556          101789841.0041725         0.1354142093308482E+25     0.4999999999500000         0.4999999999500000         0.9999999999000000E-10
      147656250.0000000          12688087.44527041          100554015.5766124         0.1180543667844211E+25     0.4999999999500000         0.4999999999500000         0.9999999999000000E-10
      149218750.0000000          11509288.86591587          99280874.23534392         0.1025903149344441E+25     0.4999999999500000         0.4999999999500000         0.9999999999000000E-10
      150781250.0000000          10417999.08205568          98007732.89407550         0.8884188362744984E+24     0.4999999999500000         0.4999999999500000         0.9999999999000000E-10
      152343750.0000000          9408501.156043310          96734591.55280708         0.7664471119756466E+24     0.4999999999500000         0.4999999999500000         0.9999999999000000E-10
      153906250.0000000          8475778.085916316          95114104.77514608         0.6584872387321691E+24     0.4999999999500000         0.4999999999500000         0.9999999999000000E-10
      155468750.0000000          7614559.681133918          93433894.21742676         0.5631707386568529E+24     0.4999999999500000         0.4999999999500000         0.9999999999000000E-10
      157031250.0000000          6820216.393182135          91753683.65970743         0.4792517346349858E+24     0.4999999999500000         0.4999999999500000         0.9999999999000000E-10
      158593750.0000000          6088358.165563175          90073473.10198811         0.4055950194855319E+24     0.4999999999500000         0.4999999999500000         0.9999999999000000E-10
      160156250.0000000          5414967.911007222          88393262.54426879         0.3411664074549347E+24     0.4999999999500000         0.4999999999500000         0.9999999999000000E-10
      161718750.0000000          4796217.350727016          86713051.98654945         0.2850239668565812E+24     0.4999999999500000         0.4999999999500000         0.9999999999000000E-10
      163281250.0000000          4227868.100961577          86590809.93107912         0.2363140285615215E+24     0.4999999999500000         0.4999999999500000         0.9999999999000000E-10
      164843750.0000000          3707434.961271734          86590809.93107912         0.1942590451992730E+24     0.4999999999500000         0.4999999999500000         0.9999999999000000E-10
      166406250.0000000          3231910.107427971          86590809.93107912         0.1581469068046216E+24     0.4999999999500000         0.4999999999500000         0.9999999999000000E-10
      167968750.0000000          2798394.874614321          86590809.93107912         0.1273294468165388E+24     0.4999999999500000         0.4999999999500000         0.9999999999000000E-10
      169531250.0000000          2404206.141345649          86590809.93107912         0.1012172253321412E+24     0.4999999999500000         0.4999999999500000         0.9999999999000000E-10
      171093750.0000000          2046860.787652646          86590809.93107912         0.7927418238696104E+23     0.4999999999500000         0.4999999999500000         0.9999999999000000E-10
      172656250.0000000          1724047.886748966          86590809.93107912         0.6101284243523843E+23     0.4999999999500000         0.4999999999500000         0.9999999999000000E-10
      174218750.0000000          1433643.381457402          86590809.93107912         0.4598988570957960E+23     0.4999999999500000         0.4999999999500000         0.9999999999000000E-10
      175781250.0000000          1173704.762337828          86590809.93107912         0.3380195817988233E+23     0.4999999999500000         0.4999999999500000         0.9999999999000000E-10
      177343750.0000000          942466.1110344962          86590809.93107912         0.2408179938685122E+23     0.4999999999500000         0.4999999999500000         0.9999999999000000E-10
      178906250.0000000          738348.5778263524          86590809.93107912         0.1649459681847755E+23     0.4999999999500000         0.4999999999500000         0.9999999999000000E-10
      180468750.0000000          559978.8933624554          86590809.93107912         0.1073445102799655E+23     0.4999999999500000         0.4999999999500000         0.9999999999000000E-10
      182031250.0000000          406222.4780430786          86590809.93107912         0.6520852161065601E+22     0.4999999999500000         0.4999999999500000         0.9999999999000000E-10
      183593750.0000000          276259.9900559396          86590809.93107912         0.3594927985462905E+22     0.4999999999500000         0.4999999999500000         0.9999999999000000E-10
      185156250.0000000          169749.1733182721          86590809.93107912         0.1714953501474637E+22     0.4999999999500000         0.4999999999500000         0.9999999999000000E-10
      186718750.0000000          87252.38609255380          86590809.93107912         0.6497512349176106E+21     0.4999999999500000         0.4999999999500000         0.9999999999000000E-10
      188281250.0000000          31215.98862970095          86590809.93107912         0.1668707841677609E+21     0.4999999999500000         0.4999999999500000         0.9999999999000000E-10
      189843750.0000000          5020.271568839694          86590809.93107912         0.2160084730836813E+20     0.4999999999500000         0.4999999999500000         0.9999999999000000E-10
      191406250.0000000          206.2110737230110          86590809.93107912         0.9901098430354504E+18     0.4999999999500000         0.4999999999500000         0.9999999999000000E-10
      192968750.0000000          6.036526630870457          86590809.93107912         0.1666616710990097E+18     0.4999999999500000         0.4999999999500000         0.9999999999000000E-10
      194531250.0000000         0.2309660901128723          86590809.93107912         0.1427365484735368E+18     0.4999999999500000         0.4999999999500000         0.9999999999000000E-10
      196093750.0000000         0.1076996902513038E-01      86590809.93107912         0.1418284663708482E+18     0.4999999999500000         0.4999999999500000         0.9999999999000000E-10
      197656250.0000000         0.5885768870909270E-03      86590809.93107912         0.1417864725537766E+18     0.4999999999500000         0.4999999999500000         0.9999999999000000E-10
      199218750.0000000         0.1000000000000000E-03      5000000.000000000          1600042867924.364         0.4999999999500000         0.4999999999500000         0.9999999999000000E-10
      200781250.0000000         0.1000000000000000E-03      5000000.000000000          1600042867924.364         0.4999999999500000         0.4999999999500000         0.9999999999000000E-10
      202343750.0000000         0.1000000000000000E-03      5000000.000000000          1600042867924.364         0.4999999999500000         0.4999999999500000         0.9999999999000000E-10
      203906250.0000000         0.1000000000000000E-03      5000000.000000000          1600042867924.364         0.4999999999500000         0.4999999999500000         0.9999999999000000E-10
      205468750.0000000         0.1000000000000000E-03      5000000.000000000          1600042867924.364         0.4999999999500000         0.4999999999500000         0.9999999999000000E-10
      207031250.0000000         0.1000000000000000E-03      5000000.000000000          1600042867924.364         0.4999999999500000         0.4999999999500000         0.9999999999000000E-10
      208593750.0000000         0.1000000000000000E-03      5000000.000000000          1600042867924.364         0.4999999999500000         0.4999999999500000         0.9999999999000000E-10
      210156250.0000000         0.1000000000000000E-03      5000000.000000000          1600042867924.364         0.4999999999500000         0.4999999999500000         0.9999999999000000E-10
      211718750.0000000         0.1000000000000000E-03      5000000.000000000          1600042867924.364         0.4999999999500000         0.4999999999500000         0.9999999999000000E-10
      213281250.0000000         0.1000000000000000E-03      5000000.000000000          1600042867924.364         0.4999999999500000         0.4999999999500000         0.9999999999000000E-10
      214843750.0000000         0.1000000000000000E-03      5000000.000000000          1600042867924.364         0.4999999999500000         0.4999999999500000         0.9999999999000000E-10
      216406250.0000000         0.1000000000000000E-03      5000000.000000000          1600042867924.364         0.4999999999500000         0.4999999999500000         0.9999999999000000E-10
      217968750.0000000         0.1000000000000000E-03      5000000.000000000          1600042867924.364         0.4999999999500000         0.4999999999500000         0.9999999999000000E-10
      219531250.0000000         0.1000000000000000E-03      5000000.000000000          1600042867924.364         0.4999999999500000         0.4999999999500000         0.9999999999000000E-10
      221093750.0000000         0.1000000000000000E-03      5000000.000000000          1600042867924.364         0.4999999999500000         0.4999999999500000         0.9999999999000000E-10
      222656250.0000000         0.1000000000000000E-03      5000000.000000000          1600042867924.364         0.4999999999500000         0.4999999999500000         0.9999999999000000E-10
      224218750.0000000         0.1000000000000000E-03      5000000.000000000          1600042867924.364         0.4999999999500000         0.4999999999500000         0.9999999999000000E-10
      225781250.0000000         0.1000000000000000E-03      5000000.000000000          1600042867924.364         0.4999999999500000         0.4999999999500000         0.9999999999000000E-10
      227343750.0000000         0.1000000000000000E-03      5000000.000000000          1600042867924.364         0.4999999999500000         0.4999999999500000         0.9999999999000000E-10
      228906250.0000000         0.1000000000000000E-03      5000000.000000000          1600042867924.364         0.4999999999500000         0.4999999999500000         0.9999999999000000E-10
      230468750.0000000         0.1000000000000000E-03      5000000.000000000          1600042867924.364         0.4999999999500000         0.4999999999500000         0.9999999999000000E-10
      232031250.0000000         0.1000000000000000E-03      5000000.000000000          1600042867924.364         0.4999999999500000         0.4999999999500000         0.9999999999000000E-10
      233593750.0000000         0.1000000000000000E-03      5000000.000000000          1600042867924.364         0.4999999999500000         0.4999999999500000         0.9999999999000000E-10
      235156250.0000000         0.1000000000000000E-03      5000000.000000000          1600042867924.364         0.4999999999500000         0.4999999999500000         0.9999999999000000E-10
      236718750.0000000         0.1000000000000000E-03      5000000.000000000          1600042867924.364         0.4999999999500000         0.4999999999500000         0.9999999999000000E-10
      238281250.0000000         0.1000000000000000E-03      5000000.000000000          1600042867924.364         0.4999999999500000         0.4999999999500000         0.9999999999000000E-10
      239843750.0000000         0.1000000000000000E-03      5000000.000000000          1600042867924.364         0.4999999999500000         0.4999999999500000         0.9999999999000000E-10
      241406250.0000000         0.1000000000000000E-03      5000000.000000000          1600042867924.364         0.4999999999500000         0.4999999999500000         0.9999999999000000E-10
      242968750.0000000         0.1000000000000000E-03      5000000.000000000          1600042867924.364         0.4999999999500000         0.4999999999500000         0.9999999999000000E-10
      244531250.0000000         0.1000000000000000E-03      5000000.000000000          1600042867924.364         0.4999999999500000         0.4999999999500000         0.9999999999000000E-10
      246093750.0000000         0.1000000000000000E-03      5000000.000000000          1600042867924.364         0.4999999999500000         0.4999999999500000         0.9999999999000000E-10
      247656250.0000000         0.1000000000000000E-03      5000000.000000000          1600042867924.364         0.4999999999500000         0.4999999999500000         0.9999999999000000E-10
      249218750.0000000         0.1000000000000000E-03      5000000.000000000          1600042867924.364         0.4999999999500000         0.4999999999500000         0.9999999999000000E-10
      250781250.0000000         0.1000000000000000E-03      5000000.000000000          1600042867924.364         0.4999999999500000         0.4999999999500000         0.9999999999000000E-10
      252343750.0000000         0.1000000000000000E-03      5000000.000000000          1600042867924.364         0.4999999999500000         0.4999999999500000         0.9999999999000000E-10
      253906250.0000000         0.1000000000000000E-03      5000000.000000000          1600042867924.364         0.4999999999500000         0.4999999999500000         0.9999999999000000E-10
      255468750.0000000         0.1000000000000000E-03      5000000.000000000          1600042867924.364         0.4999999999500000         0.4999999999500000         0.9999999999000000E-10
      257031250.0000000         0.1000000000000000E-03      5000000.000000000          1600042867924.364         0.4999999999500000         0.4999999999500000         0.9999999999000000E-10
      258593750.0000000         0.1000000000000000E-03      5000000.000000000          1600042867924.364         0.4999999999500000         0.4999999999500000         0.9999999999000000E-10
      260156250.0000000         0.1000000000000000E-03      5000000.000000000          1600042867924.364         0.4999999999500000         0.4999999999500000         0.9999999999000000E-10
      261718750.0000000         0.1000000000000000E-03      5000000.000000000          1600042867924.364         0.4999999999500000         0.4999999999500000         0.9999999999000000E-10
      263281250.0000000         0.1000000000000000E-03      5000000.000000000          1600042867924.364         0.4999999999500000         0.4999999999500000         0.9999999999000000E-10
      264843750.0000000         0.1000000000000000E-03      5000000.000000000          1600042867924.364         0.4999999999500000         0.4999999999500000         0.9999999999000000E-10
      266406250.0000000         0.1000000000000000E-03      5000000.000000000          1600042867924.364         0.4999999999500000         0.4999999999500000         0.9999999999000000E-10
      267968750.0000000         0.1000000000000000E-03      5000000.000000000          1600042867924.364         0.4999999999500000         0.4999999999500000         0.9999999999000000E-10
      269531250.0000000         0.1000000000000000E-03      5000000.000000000          1600042867924.364         0.4999999999500000         0.4999999999500000         0.9999999999000000E-10
      271093750.0000000         0.1000000000000000E-03      5000000.000000000          1600042867924.364         0.4999999999500000         0.4999999999500000         0.9999999999000000E-10
      272656250.0000000         0.1000000000000000E-03      5000000.000000000          1600042867924.364         0.4999999999500000         0.4999999999500000         0.9999999999000000E-10
      274218750.0000000         0.1000000000000000E-03      5000000.000000000          1600042867924.364         0.4999999999500000         0.4999999999500000         0.9999999999000000E-10
      275781250.0000000         0.1000000000000000E-03      5000000.000000000          1600042867924.364         0.4999999999500000         0.4999999999500000         0.9999999999000000E-10
      277343750.0000000         0.1000000000000000E-03      5000000.000000000          1600042867924.364         0.4999999999500000         0.4999999999500000         0.9999999999000000E-10
      278906250.0000000         0.1000000000000000E-03      5000000.000000000          1600042867924.364         0.4999999999500000         0.4999999999500000         0.9999999999000000E-10
      280468750.0000000         0.1000000000000000E-03      5000000.000000000          1600042867924.364         0.4999999999500000         0.4999999999500000         0.9999999999000000E-10
      282031250.0000000         0.1000000000000000E-03      5000000.000000000          1600042867924.364         0.4999999999500000         0.4999999999500000         0.9999999999000000E-10
      283593750.0000000         0.1000000000000000E-03      5000000.000000000          1600042867924.364         0.4999999999500000         0.4999999999500000         0.9999999999000000E-10
      285156250.0000000         0.1000000000000000E-03      5000000.000000000          1600042867924.364         0.4999999999500000         0.4999999999500000         0.9999999999000000E-10
      286718750.0000000         0.1000000000000000E-03      5000000.000000000          1600042867924.364         0.4999999999500000         0.4999999999500000         0.9999999999000000E-10
      288281250.0000000         0.1000000000000000E-03      5000000.000000000          1600042867924.364         0.4999999999500000         0.4999999999500000         0.9999999999000000E-10
      289843750.0000000         0.1000000000000000E-03      5000000.000000000          1600042867924.364         0.4999999999500000         0.4999999999500000         0.9999999999000000E-10
      291406250.0000000         0.1000000000000000E-03      5000000.000000000          1600042867924.364         0.4999999999500000         0.4999999999500000         0.9999999999000000E-10
      292968750.0000000         0.1000000000000000E-03      5000000.000000000          1600042867924.364         0.4999999999500000         0.4999999999500000         0.9999999999000000E-10
      294531250.0000000         0.1000000000000000E-03      5000000.000000000          1600042867924.364         0.4999999999500000         0.4999999999500000         0.9999999999000000E-10
      296093750.0000000         0.1000000000000000E-03      5000000.000000000          1600042867924.364         0.4999999999500000         0.4999999999500000         0.9999999999000000E-10
      297656250.0000000         0.1000000000000000E-03      5000000.000000000          1600042867924.364         0.4999999999500000         0.4999999999500000         0.9999999999000000E-10
      299218750.0000000         0.1000000000000000E-03      5000000.000000000          1600042867924.364         0.4999999999500000         0.4999999999500000         0.9999999999000000E-10
      300781250.0000000         0.1000000000000000E-03      5000000.000000000          1600042867924.364         0.4999999999500000         0.4999999999500000         0.9999999999000000E-10
      302343750.0000000         0.1000000000000000E-03      5000000.000000000          1600042867924.364         0.4999999999500000         0.4999999999500000         0.9999999999000000E-10
      303906250.0000000         0.1000000000000000E-03      5000000.000000000          1600042867924.364         0.4999999999500000         0.4999999999500000         0.9999999999000000E-10
      305468750.0000000         0.1000000000000000E-03      5000000.000000000          1600042867924.364         0.4999999999500000         0.4999999999500000         0.9999999999000000E-10
      307031250.0000000         0.1000000000000000E-03      5000000.000000000          1600042867924.364         0.4999999999500000         0.4999999999500000         0.9999999999000000E-10
      308593750.0000000         0.1000000000000000E-03      5000000.000000000          1600042867924.364         0.4999999999500000         0.4999999999500000         0.9999999999000000E-10
      310156250.0000000         0.1000000000000000E-03      5000000.000000000          1600042867924.364         0.4999999999500000         0.4999999999500000         0.9999999999000000E-10
      311718750.0000000         0.1000000000000000E-03      5000000.000000000          1600042867924.364         0.4999999999500000         0.4999999999500000         0.9999999999000000E-10
      313281250.0000000         0.1000000000000000E-03      5000000.000000000          1600042867924.364         0.4999999999500000         0.4999999999500000         0.9999999999000000E-10
      314843750.0000000         0.1000000000000000E-03      5000000.000000000          1600042867924.364         0.4999999999500000         0.4999999999500000         0.9999999999000000E-10
      316406250.0000000         0.1000000000000000E-03      5000000.000000000          1600042867924.364         0.4999999999500000         0.4999999999500000         0.9999999999000000E-10
      317968750.0000000         0.1000000000000000E-03      5000000.000000000          1600042867924.364         0.4999999999500000         0.4999999999500000         0.9999999999000000E-10
      319531250.0000000         0.1000000000000000E-03      5000000.000000000          1600042867924.364         0.4999999999500000         0.4999999999500000         0.9999999999000000E-10
      321093750.0000000         0.1000000000000000E-03      5000000.000000000          1600042867924.364         0.4999999999500000         0.4999999999500000         0.9999999999000000E-10
      322656250.0000000         0.1000000000000000E-03      5000000.000000000          1600042867924.364         0.4999999999500000         0.4999999999500000         0.9999999999000000E-10
      324218750.0000000         0.1000000000000000E-03      5000000.000000000          1600042867924.364         0.4999999999500000         0.4999999999500000         0.9999999999000000E-10
      325781250.0000000         0.1000000000000000E-03      5000000.000000000          1600042867924.364         0.4999999999500000         0.4999999999500000         0.9999999999000000E-10
      327343750.0000000         0.1000000000000000E-03      5000000.000000000          1600042867924.364         0.4999999999500000         0.4999999999500000         0.9999999999000000E-10
      328906250.0000000         0.1000000000000000E-03      5000000.000000000          1600042867924.364         0.4999999999500000         0.4999999999500000         0.9999999999000000E-10
      330468750.0000000         0.1000000000000000E-03      5000000.000000000          1600042867924.364         0.4999999999500000         0.4999999999500000         0.9999999999000000E-10
      332031250.0000000         0.1000000000000000E-03      5000000.000000000          1600042867924.364         0.4999999999500000         0.4999999999500000         0.9999999999000000E-10
      333593750.0000000         0.1000000000000000E-03      5000000.000000000          1600042867924.364         0.4999999999500000         0.4999999999500000         0.9999999999000000E-10
      335156250.0000000         0.1000000000000000E-03      5000000.000000000          1600042867924.364         0.4999999999500000         0.4999999999500000         0.9999999999000000E-10
      336718750.0000000         0.1000000000000000E-03      5000000.000000000          1600042867924.364         0.4999999999500000         0.4999999999500000         0.9999999999000000E-10
      338281250.0000000         0.1000000000000000E-03      5000000.000000000          1600042867924.364         0.4999999999500000         0.4999999999500000         0.9999999999000000E-10
      339843750.0000000         0.1000000000000000E-03      5000000.000000000          1600042867924.364         0.4999999999500000         0.4999999999500000         0.9999999999000000E-10
      341406250.0000000         0.1000000000000000E-03      5000000.000000000          1600042867924.364         0.4999999999500000         0.4999999999500000         0.9999999999000000E-10
      342968750.0000000         0.1000000000000000E-03      5000000.000000000          1600042867924.364         0.4999999999500000         0.4999999999500000         0.9999999999000000E-10
      344531250.0000000         0.1000000000000000E-03      5000000.000000000          1600042867924.364         0.4999999999500000         0.4999999999500000         0.9999999999000000E-10
      346093750.0000000         0.1000000000000000E-03      5000000.000000000          1600042867924.364         0.4999999999500000         0.4999999999500000         0.9999999999000000E-10
      347656250.0000000         0.1000000000000000E-03      5000000.000000000          1600042867924.364         0.4999999999500000         0.4999999999500000         0.9999999999000000E-10
      349218750.0000000         0.1000000000000000E-03      5000000.000000000          1600042867924.364         0.4999999999500000         0.4999999999500000         0.9999999999000000E-10
      350781250.0000000         0.1000000000000000E-03      5000000.000000000          1600042867924.364         0.4999999999500000         0.4999999999500000         0.9999999999000000E-10
      352343750.0000000         0.1000000000000000E-03      5000000.000000000          1600042867924.364         0.4999999999500000         0.4999999999500000         0.9999999999000000E-10
      353906250.0000000         0.1000000000000000E-03      5000000.000000000          1600042867924.364         0.4999999999500000         0.4999999999500000         0.9999999999000000E-10
      355468750.0000000         0.1000000000000000E-03      5000000.000000000          1600042867924.364         0.4999999999500000         0.4999999999500000         0.9999999999000000E-10
      357031250.0000000         0.1000000000000000E-03      5000000.000000000          1600042867924.364         0.4999999999500000         0.4999999999500000         0.9999999999000000E-10
      358593750.0000000         0.1000000000000000E-03      5000000.000000000          1600042867924.364         0.4999999999500000         0.4999999999500000         0.9999999999000000E-10
      360156250.0000000         0.1000000000000000E-03      5000000.000000000          1600042867924.364         0.4999999999500000         0.4999999999500000         0.9999999999000000E-10
      361718750.0000000         0.1000000000000000E-03      5000000.000000000          1600042867924.364         0.4999999999500000         0.4999999999500000         0.9999999999000000E-10
      363281250.0000000         0.1000000000000000E-03      5000000.000000000          1600042867924.364         0.4999999999500000         0.4999999999500000         0.9999999999000000E-10
      364843750.0000000         0.1000000000000000E-03      5000000.000000000          1600042867924.364         0.4999999999500000         0.4999999999500000         0.9999999999000000E-10
      366406250.0000000         0.1000000000000000E-03      5000000.000000000          1600042867924.364         0.4999999999500000         0.4999999999500000         0.9999999999000000E-10
      367968750.0000000         0.1000000000000000E-03      5000000.000000000          1600042867924.364         0.4999999999500000         0.4999999999500000         0.9999999999000000E-10
      369531250.0000000         0.1000000000000000E-03      5000000.000000000          1600042867924.364         0.4999999999500000         0.4999999999500000         0.9999999999000000E-10
      371093750.0000000         0.1000000000000000E-03      5000000.000000000          1600042867924.364         0.4999999999500000         0.4999999999500000         0.9999999999000000E-10
      372656250.0000000         0.1000000000000000E-03      5000000.000000000          1600042867924.364         0.4999999999500000         0.4999999999500000         0.9999999999000000E-10
      374218750.0000000         0.1000000000000000E-03      5000000.000000000          1600042867924.364         0.4999999999500000         0.4999999999500000         0.9999999999000000E-10
      375781250.0000000         0.1000000000000000E-03      5000000.000000000          1600042867924.364         0.4999999999500000         0.4999999999500000         0.9999999999000000E-10
      377343750.0000000         0.1000000000000000E-03      5000000.000000000          1600042867924.364         0.4999999999500000         0.4999999999500000         0.9999999999000000E-10
      378906250.0000000         0.1000000000000000E-03      5000000.000000000          1600042867924.364         0.4999999999500000         0.4999999999500000         0.9999999999000000E-10
      380468750.0000000         0.1000000000000000E-03      5000000.000000000          1600042867924.364         0.4999999999500000         0.4999999999500000         0.9999999999000000E-10
      382031250.0000000         0.1000000000000000E-03      5000000.000000000          1600042867924.364         0.4999999999500000         0.4999999999500000         0.9999999999000000E-10
      383593750.0000000         0.1000000000000000E-03      5000000.000000000          1600042867924.364         0.4999999999500000         0.4999999999500000         0.9999999999000000E-10
      385156250.0000000         0.1000000000000000E-03      5000000.000000000          1600042867924.364         0.4999999999500000         0.4999999999500000         0.9999999999000000E-10
      386718750.0000000         0.1000000000000000E-03      5000000.000000000          1600042867924.364         0.4999999999500000         0.4999999999500000         0.9999999999000000E-10
      388281250.0000000         0.1000000000000000E-03      5000000.000000000          1600042867924.364         0.4999999999500000         0.4999999999500000         0.9999999999000000E-10
      389843750.0000000         0.1000000000000000E-03      5000000.000000000          1600042867924.364         0.4999999999500000         0.4999999999500000         0.9999999999000000E-10
      391406250.0000000         0.1000000000000000E-03      5000000.000000000          1600042867924.364         0.4999999999500000         0.4999999999500000         0.9999999999000000E-10
      392968750.0000000         0.1000000000000000E-03      5000000.000000000          1600042867924.364         0.4999999999500000         0.4999999999500000         0.9999999999000000E-10
      394531250.0000000         0.1000000000000000E-03      5000000.000000000          1600042867924.364         0.4999999999500000         0.4999999999500000         0.9999999999000000E-10
      396093750.0000000         0.1000000000000000E-03      5000000.000000000          1600042867924.364         0.4999999999500000         0.4999999999500000         0.9999999999000000E-10
      397656250.0000000         0.1000000000000000E-03      5000000.000000000          1600042867924.364         0.4999999999500000         0.4999999999500000         0.9999999999000000E-10
      399218750.0000000         0.1000000000000000E-03      5000000.000000000          1600042867924.364         0.4999999999500000         0.4999999999500000         0.9999999999000000E-10
      400781250.0000000         0.1000000000000000E-03      5000000.000000000          1600042867924.364         0.4999999999500000         0.4999999999500000         0.9999999999000000E-10
      402343750.0000000         0.1000000000000000E-03      5000000.000000000          1600042867924.364         0.4999999999500000         0.4999999999500000         0.9999999999000000E-10
      403906250.0000000         0.1000000000000000E-03      5000000.000000000          1600042867924.364         0.4999999999500000         0.4999999999500000         0.9999999999000000E-10
      405468750.0000000         0.1000000000000000E-03      5000000.000000000          1600042867924.364         0.4999999999500000         0.4999999999500000         0.9999999999000000E-10
      407031250.0000000         0.1000000000000000E-03      5000000.000000000          1600042867924.364         0.4999999999500000         0.4999999999500000         0.9999999999000000E-10
      408593750.0000000         0.1000000000000000E-03      5000000.000000000          1600042867924.364         0.4999999999500000         0.4999999999500000         0.9999999999000000E-10
      410156250.0000000         0.1000000000000000E-03      5000000.000000000          1600042867924.364         0.4999999999500000         0.4999999999500000         0.9999999999000000E-10
      411718750.0000000         0.1000000000000000E-03      5000000.000000000          1600042867924.364         0.4999999999500000         0.4999999999500000         0.9999999999000000E-10
      413281250.0000000         0.1000000000000000E-03      5000000.000000000          1600042867924.364         0.4999999999500000         0.4999999999500000         0.9999999999000000E-10
      414843750.0000000         0.1000000000000000E-03      5000000.000000000          1600042867924.364         0.4999999999500000         0.4999999999500000         0.9999999999000000E-10
      416406250.0000000         0.1000000000000000E-03      5000000.000000000          1600042867924.364         0.4999999999500000         0.4999999999500000         0.9999999999000000E-10
      417968750.0000000         0.1000000000000000E-03      5000000.000000000          1600042867924.364         0.4999999999500000         0.4999999999500000         0.9999999999000000E-10
      419531250.0000000         0.1000000000000000E-03      5000000.000000000          1600042867924.364         0.4999999999500000         0.4999999999500000         0.9999999999000000E-10
      421093750.0000000         0.1000000000000000E-03      5000000.000000000          1600042867924.364         0.4999999999500000         0.4999999999500000         0.9999999999000000E-10
      422656250.0000000         0.1000000000000000E-03      5000000.000000000          1600042867924.364         0.4999999999500000         0.4999999999500000         0.9999999999000000E-10
      424218750.0000000         0.1000000000000000E-03      5000000.000000000          1600042867924.364         0.4999999999500000         0.4999999999500000         0.9999999999000000E-10
      425781250.0000000         0.1000000000000000E-03      5000000.000000000          1600042867924.364         0.4999999999500000         0.4999999999500000         0.9999999999000000E-10
      427343750.0000000         0.1000000000000000E-03      5000000.000000000          1600042867924.364         0.4999999999500000         0.4999999999500000         0.9999999999000000E-10
      428906250.0000000         0.1000000000000000E-03      5000000.000000000          1600042867924.364         0.4999999999500000         0.4999999999500000         0.9999999999000000E-10
      430468750.0000000         0.1000000000000000E-03      5000000.000000000          1600042867924.364         0.4999999999500000         0.4999999999500000         0.9999999999000000E-10
      432031250.0000000         0.1000000000000000E-03      5000000.000000000          1600042867924.364         0.4999999999500000         0.4999999999500000         0.9999999999000000E-10
      433593750.0000000         0.1000000000000000E-03      5000000.000000000          1600042867924.364         0.4999999999500000         0.4999999999500000         0.9999999999000000E-10
      435156250.0000000         0.1000000000000000E-03      5000000.000000000          1600042867924.364         0.4999999999500000         0.4999999999500000         0.9999999999000000E-10
      436718750.0000000         0.1000000000000000E-03      5000000.000000000          1600042867924.364         0.4999999999500000         0.4999999999500000         0.9999999999000000E-10
      438281250.0000000         0.1000000000000000E-03      5000000.000000000          1600042867924.364         0.4999999999500000         0.4999999999500000         0.9999999999000000E-10
      439843750.0000000         0.1000000000000000E-03      5000000.000000000          1600042867924.364         0.4999999999500000         0.4999999999500000         0.9999999999000000E-10
      441406250.0000000         0.1000000000000000E-03      5000000.000000000          1600042867924.364         0.4999999999500000         0.4999999999500000         0.9999999999000000E-10
      442968750.0000000         0.1000000000000000E-03      5000000.000000000          1600042867924.364         0.4999999999500000         0.4999999999500000         0.9999999999000000E-10
      444531250.0000000         0.1000000000000000E-03      5000000.000000000          1600042867924.364         0.4999999999500000         0.4999999999500000         0.9999999999000000E-10
      446093750.0000000         0.1000000000000000E-03      5000000.000000000          1600042867924.364         0.4999999999500000         0.4999999999500000         0.9999999999000000E-10
      447656250.0000000         0.1000000000000000E-03      5000000.000000000          1600042867924.364         0.4999999999500000         0.4999999999500000         0.9999999999000000E-10
      449218750.0000000         0.1000000000000000E-03      5000000.000000000          1600042867924.364         0.4999999999500000         0.4999999999500000         0.9999999999000000E-10
      450781250.0000000         0.1000000000000000E-03      5000000.000000000          1600042867924.364         0.4999999999500000         0.4999999999500000         0.9999999999000000E-10
      452343750.0000000         0.1000000000000000E-03      5000000.000000000          1600042867924.364         0.4999999999500000         0.4999999999500000         0.9999999999000000E-10
      453906250.0000000         0.1000000000000000E-03      5000000.000000000          1600042867924.364         0.4999999999500000         0.4999999999500000         0.9999999999000000E-10
      455468750.0000000         0.1000000000000000E-03      5000000.000000000          1600042867924.364         0.4999999999500000         0.4999999999500000         0.9999999999000000E-10
      457031250.0000000         0.1000000000000000E-03      5000000.000000000          1600042867924.364         0.4999999999500000         0.4999999999500000         0.9999999999000000E-10
      458593750.0000000         0.1000000000000000E-03      5000000.000000000          1600042867924.364         0.4999999999500000         0.4999999999500000         0.9999999999000000E-10
      460156250.0000000         0.1000000000000000E-03      5000000.000000000          1600042867924.364         0.4999999999500000         0.4999999999500000         0.9999999999000000E-10
      461718750.0000000         0.1000000000000000E-03      5000000.000000000          1600042867924.364         0.4999999999500000         0.4999999999500000         0.9999999999000000E-10
      463281250.0000000         0.1000000000000000E-03      5000000.000000000          1600042867924.364         0.4999999999500000         0.4999999999500000         0.9999999999000000E-10
      464843750.0000000         0.1000000000000000E-03      5000000.000000000          1600042867924.364         0.4999999999500000         0.4999999999500000         0.9999999999000000E-10
      466406250.0000000         0.1000000000000000E-03      5000000.000000000          1600042867924.364         0.4999999999500000         0.4999999999500000         0.9999999999000000E-10
      467968750.0000000         0.1000000000000000E-03      5000000.000000000          1600042867924.364         0.4999999999500000         0.4999999999500000         0.9999999999000000E-10
      469531250.0000000         0.1000000000000000E-03      5000000.000000000          1600042867924.364         0.4999999999500000         0.4999999999500000         0.9999999999000000E-10
      471093750.0000000         0.1000000000000000E-03      5000000.000000000          1600042867924.364         0.4999999999500000         0.4999999999500000         0.9999999999000000E-10
      472656250.0000000         0.1000000000000000E-03      5000000.000000000          1600042867924.364         0.4999999999500000         0.4999999999500000         0.9999999999000000E-10
      474218750.0000000         0.1000000000000000E-03      5000000.000000000          1600042867924.364         0.4999999999500000         0.4999999999500000         0.9999999999000000E-10
      475781250.0000000         0.1000000000000000E-03      5000000.000000000          1600042867924.364         0.4999999999500000         0.4999999999500000         0.9999999999000000E-10
      477343750.0000000         0.1000000000000000E-03      5000000.000000000          1600042867924.364         0.4999999999500000         0.4999999999500000         0.9999999999000000E-10
      478906250.0000000         0.1000000000000000E-03      5000000.000000000          1600042867924.364         0.4999999999500000         0.4999999999500000         0.9999999999000000E-10
      480468750.0000000         0.1000000000000000E-03      5000000.000000000          1600042867924.364         0.4999999999500000         0.4999999999500000         0.9999999999000000E-10
      482031250.0000000         0.1000000000000000E-03      5000000.000000000          1600042867924.364         0.4999999999500000         0.4999999999500000         0.9999999999000000E-10
      483593750.0000000         0.1000000000000000E-03      5000000.000000000          1600042867924.364         0.4999999999500000         0.4999999999500000         0.9999999999000000E-10
      485156250.0000000         0.1000000000000000E-03      5000000.000000000          1600042867924.364         0.4999999999500000         0.4999999999500000         0.9999999999000000E-10
      486718750.0000000         0.1000000000000000E-03      5000000.000000000          1600042867924.364         0.4999999999500000         0.4999999999500000         0.9999999999000000E-10
      488281250.0000000         0.1000000000000000E-03      5000000.000000000          1600042867924.364         0.4999999999500000         0.4999999999500000         0.9999999999000000E-10
      489843750.0000000         0.1000000000000000E-03      5000000.000000000          1600042867924.364         0.4999999999500000         0.4999999999500000         0.9999999999000000E-10
      491406250.0000000         0.1000000000000000E-03      5000000.000000000          1600042867924.364         0.4999999999500000         0.4999999999500000         0.9999999999000000E-10
      492968750.0000000         0.1000000000000000E-03      5000000.000000000          1600042867924.364         0.4999999999500000         0.4999999999500000         0.9999999999000000E-10
      494531250.0000000         0.1000000000000000E-03      5000000.000000000          1600042867924.364         0.4999999999500000         0.4999999999500000         0.9999999999000000E-10
      496093750.0000000         0.1000000000000000E-03      5000000.000000000          1600042867924.364         0.4999999999500000         0.4999999999500000         0.9999999999000000E-10
      497656250.0000000         0.1000000000000000E-03      5000000.000000000          1600042867924.364         0.4999999999500000         0.4999999999500000         0.9999999999000000E-10
      499218750.0000000         0.1000000000000000E-03      5000000.000000000          1600042867924.364         0.4999999999500000         0.4999999999500000         0.9999999999000000E-10
