1
   ((   0,   0,   0) ( 383, 383, 767) (   0,   0,   0))     1024
         ((   0,   0,   0) (  47,  47,  47) (   0,   0,   0))
         ((   0,   0,  48) (  47,  47,  95) (   0,   0,   0))
         ((   0,   0,  96) (  47,  47, 143) (   0,   0,   0))
         ((   0,   0, 144) (  47,  47, 191) (   0,   0,   0))
         ((   0,   0, 192) (  47,  47, 239) (   0,   0,   0))
         ((   0,   0, 240) (  47,  47, 287) (   0,   0,   0))
         ((   0,   0, 288) (  47,  47, 335) (   0,   0,   0))
         ((   0,   0, 336) (  47,  47, 383) (   0,   0,   0))
         ((   0,   0, 384) (  47,  47, 431) (   0,   0,   0))
         ((   0,   0, 432) (  47,  47, 479) (   0,   0,   0))
         ((   0,   0, 480) (  47,  47, 527) (   0,   0,   0))
         ((   0,   0, 528) (  47,  47, 575) (   0,   0,   0))
         ((   0,   0, 576) (  47,  47, 623) (   0,   0,   0))
         ((   0,   0, 624) (  47,  47, 671) (   0,   0,   0))
         ((   0,   0, 672) (  47,  47, 719) (   0,   0,   0))
         ((   0,   0, 720) (  47,  47, 767) (   0,   0,   0))
         ((   0,  48,   0) (  47,  95,  47) (   0,   0,   0))
         ((   0,  48,  48) (  47,  95,  95) (   0,   0,   0))
         ((   0,  48,  96) (  47,  95, 143) (   0,   0,   0))
         ((   0,  48, 144) (  47,  95, 191) (   0,   0,   0))
         ((   0,  48, 192) (  47,  95, 239) (   0,   0,   0))
         ((   0,  48, 240) (  47,  95, 287) (   0,   0,   0))
         ((   0,  48, 288) (  47,  95, 335) (   0,   0,   0))
         ((   0,  48, 336) (  47,  95, 383) (   0,   0,   0))
         ((   0,  48, 384) (  47,  95, 431) (   0,   0,   0))
         ((   0,  48, 432) (  47,  95, 479) (   0,   0,   0))
         ((   0,  48, 480) (  47,  95, 527) (   0,   0,   0))
         ((   0,  48, 528) (  47,  95, 575) (   0,   0,   0))
         ((   0,  48, 576) (  47,  95, 623) (   0,   0,   0))
         ((   0,  48, 624) (  47,  95, 671) (   0,   0,   0))
         ((   0,  48, 672) (  47,  95, 719) (   0,   0,   0))
         ((   0,  48, 720) (  47,  95, 767) (   0,   0,   0))
         ((   0,  96,   0) (  47, 143,  47) (   0,   0,   0))
         ((   0,  96,  48) (  47, 143,  95) (   0,   0,   0))
         ((   0,  96,  96) (  47, 143, 143) (   0,   0,   0))
         ((   0,  96, 144) (  47, 143, 191) (   0,   0,   0))
         ((   0,  96, 192) (  47, 143, 239) (   0,   0,   0))
         ((   0,  96, 240) (  47, 143, 287) (   0,   0,   0))
         ((   0,  96, 288) (  47, 143, 335) (   0,   0,   0))
         ((   0,  96, 336) (  47, 143, 383) (   0,   0,   0))
         ((   0,  96, 384) (  47, 143, 431) (   0,   0,   0))
         ((   0,  96, 432) (  47, 143, 479) (   0,   0,   0))
         ((   0,  96, 480) (  47, 143, 527) (   0,   0,   0))
         ((   0,  96, 528) (  47, 143, 575) (   0,   0,   0))
         ((   0,  96, 576) (  47, 143, 623) (   0,   0,   0))
         ((   0,  96, 624) (  47, 143, 671) (   0,   0,   0))
         ((   0,  96, 672) (  47, 143, 719) (   0,   0,   0))
         ((   0,  96, 720) (  47, 143, 767) (   0,   0,   0))
         ((   0, 144,   0) (  47, 191,  47) (   0,   0,   0))
         ((   0, 144,  48) (  47, 191,  95) (   0,   0,   0))
         ((   0, 144,  96) (  47, 191, 143) (   0,   0,   0))
         ((   0, 144, 144) (  47, 191, 191) (   0,   0,   0))
         ((   0, 144, 192) (  47, 191, 239) (   0,   0,   0))
         ((   0, 144, 240) (  47, 191, 287) (   0,   0,   0))
         ((   0, 144, 288) (  47, 191, 335) (   0,   0,   0))
         ((   0, 144, 336) (  47, 191, 383) (   0,   0,   0))
         ((   0, 144, 384) (  47, 191, 431) (   0,   0,   0))
         ((   0, 144, 432) (  47, 191, 479) (   0,   0,   0))
         ((   0, 144, 480) (  47, 191, 527) (   0,   0,   0))
         ((   0, 144, 528) (  47, 191, 575) (   0,   0,   0))
         ((   0, 144, 576) (  47, 191, 623) (   0,   0,   0))
         ((   0, 144, 624) (  47, 191, 671) (   0,   0,   0))
         ((   0, 144, 672) (  47, 191, 719) (   0,   0,   0))
         ((   0, 144, 720) (  47, 191, 767) (   0,   0,   0))
         ((   0, 192,   0) (  47, 239,  47) (   0,   0,   0))
         ((   0, 192,  48) (  47, 239,  95) (   0,   0,   0))
         ((   0, 192,  96) (  47, 239, 143) (   0,   0,   0))
         ((   0, 192, 144) (  47, 239, 191) (   0,   0,   0))
         ((   0, 192, 192) (  47, 239, 239) (   0,   0,   0))
         ((   0, 192, 240) (  47, 239, 287) (   0,   0,   0))
         ((   0, 192, 288) (  47, 239, 335) (   0,   0,   0))
         ((   0, 192, 336) (  47, 239, 383) (   0,   0,   0))
         ((   0, 192, 384) (  47, 239, 431) (   0,   0,   0))
         ((   0, 192, 432) (  47, 239, 479) (   0,   0,   0))
         ((   0, 192, 480) (  47, 239, 527) (   0,   0,   0))
         ((   0, 192, 528) (  47, 239, 575) (   0,   0,   0))
         ((   0, 192, 576) (  47, 239, 623) (   0,   0,   0))
         ((   0, 192, 624) (  47, 239, 671) (   0,   0,   0))
         ((   0, 192, 672) (  47, 239, 719) (   0,   0,   0))
         ((   0, 192, 720) (  47, 239, 767) (   0,   0,   0))
         ((   0, 240,   0) (  47, 287,  47) (   0,   0,   0))
         ((   0, 240,  48) (  47, 287,  95) (   0,   0,   0))
         ((   0, 240,  96) (  47, 287, 143) (   0,   0,   0))
         ((   0, 240, 144) (  47, 287, 191) (   0,   0,   0))
         ((   0, 240, 192) (  47, 287, 239) (   0,   0,   0))
         ((   0, 240, 240) (  47, 287, 287) (   0,   0,   0))
         ((   0, 240, 288) (  47, 287, 335) (   0,   0,   0))
         ((   0, 240, 336) (  47, 287, 383) (   0,   0,   0))
         ((   0, 240, 384) (  47, 287, 431) (   0,   0,   0))
         ((   0, 240, 432) (  47, 287, 479) (   0,   0,   0))
         ((   0, 240, 480) (  47, 287, 527) (   0,   0,   0))
         ((   0, 240, 528) (  47, 287, 575) (   0,   0,   0))
         ((   0, 240, 576) (  47, 287, 623) (   0,   0,   0))
         ((   0, 240, 624) (  47, 287, 671) (   0,   0,   0))
         ((   0, 240, 672) (  47, 287, 719) (   0,   0,   0))
         ((   0, 240, 720) (  47, 287, 767) (   0,   0,   0))
         ((   0, 288,   0) (  47, 335,  47) (   0,   0,   0))
         ((   0, 288,  48) (  47, 335,  95) (   0,   0,   0))
         ((   0, 288,  96) (  47, 335, 143) (   0,   0,   0))
         ((   0, 288, 144) (  47, 335, 191) (   0,   0,   0))
         ((   0, 288, 192) (  47, 335, 239) (   0,   0,   0))
         ((   0, 288, 240) (  47, 335, 287) (   0,   0,   0))
         ((   0, 288, 288) (  47, 335, 335) (   0,   0,   0))
         ((   0, 288, 336) (  47, 335, 383) (   0,   0,   0))
         ((   0, 288, 384) (  47, 335, 431) (   0,   0,   0))
         ((   0, 288, 432) (  47, 335, 479) (   0,   0,   0))
         ((   0, 288, 480) (  47, 335, 527) (   0,   0,   0))
         ((   0, 288, 528) (  47, 335, 575) (   0,   0,   0))
         ((   0, 288, 576) (  47, 335, 623) (   0,   0,   0))
         ((   0, 288, 624) (  47, 335, 671) (   0,   0,   0))
         ((   0, 288, 672) (  47, 335, 719) (   0,   0,   0))
         ((   0, 288, 720) (  47, 335, 767) (   0,   0,   0))
         ((   0, 336,   0) (  47, 383,  47) (   0,   0,   0))
         ((   0, 336,  48) (  47, 383,  95) (   0,   0,   0))
         ((   0, 336,  96) (  47, 383, 143) (   0,   0,   0))
         ((   0, 336, 144) (  47, 383, 191) (   0,   0,   0))
         ((   0, 336, 192) (  47, 383, 239) (   0,   0,   0))
         ((   0, 336, 240) (  47, 383, 287) (   0,   0,   0))
         ((   0, 336, 288) (  47, 383, 335) (   0,   0,   0))
         ((   0, 336, 336) (  47, 383, 383) (   0,   0,   0))
         ((   0, 336, 384) (  47, 383, 431) (   0,   0,   0))
         ((   0, 336, 432) (  47, 383, 479) (   0,   0,   0))
         ((   0, 336, 480) (  47, 383, 527) (   0,   0,   0))
         ((   0, 336, 528) (  47, 383, 575) (   0,   0,   0))
         ((   0, 336, 576) (  47, 383, 623) (   0,   0,   0))
         ((   0, 336, 624) (  47, 383, 671) (   0,   0,   0))
         ((   0, 336, 672) (  47, 383, 719) (   0,   0,   0))
         ((   0, 336, 720) (  47, 383, 767) (   0,   0,   0))
         ((  48,   0,   0) (  95,  47,  47) (   0,   0,   0))
         ((  48,   0,  48) (  95,  47,  95) (   0,   0,   0))
         ((  48,   0,  96) (  95,  47, 143) (   0,   0,   0))
         ((  48,   0, 144) (  95,  47, 191) (   0,   0,   0))
         ((  48,   0, 192) (  95,  47, 239) (   0,   0,   0))
         ((  48,   0, 240) (  95,  47, 287) (   0,   0,   0))
         ((  48,   0, 288) (  95,  47, 335) (   0,   0,   0))
         ((  48,   0, 336) (  95,  47, 383) (   0,   0,   0))
         ((  48,   0, 384) (  95,  47, 431) (   0,   0,   0))
         ((  48,   0, 432) (  95,  47, 479) (   0,   0,   0))
         ((  48,   0, 480) (  95,  47, 527) (   0,   0,   0))
         ((  48,   0, 528) (  95,  47, 575) (   0,   0,   0))
         ((  48,   0, 576) (  95,  47, 623) (   0,   0,   0))
         ((  48,   0, 624) (  95,  47, 671) (   0,   0,   0))
         ((  48,   0, 672) (  95,  47, 719) (   0,   0,   0))
         ((  48,   0, 720) (  95,  47, 767) (   0,   0,   0))
         ((  48,  48,   0) (  95,  95,  47) (   0,   0,   0))
         ((  48,  48,  48) (  95,  95,  95) (   0,   0,   0))
         ((  48,  48,  96) (  95,  95, 143) (   0,   0,   0))
         ((  48,  48, 144) (  95,  95, 191) (   0,   0,   0))
         ((  48,  48, 192) (  95,  95, 239) (   0,   0,   0))
         ((  48,  48, 240) (  95,  95, 287) (   0,   0,   0))
         ((  48,  48, 288) (  95,  95, 335) (   0,   0,   0))
         ((  48,  48, 336) (  95,  95, 383) (   0,   0,   0))
         ((  48,  48, 384) (  95,  95, 431) (   0,   0,   0))
         ((  48,  48, 432) (  95,  95, 479) (   0,   0,   0))
         ((  48,  48, 480) (  95,  95, 527) (   0,   0,   0))
         ((  48,  48, 528) (  95,  95, 575) (   0,   0,   0))
         ((  48,  48, 576) (  95,  95, 623) (   0,   0,   0))
         ((  48,  48, 624) (  95,  95, 671) (   0,   0,   0))
         ((  48,  48, 672) (  95,  95, 719) (   0,   0,   0))
         ((  48,  48, 720) (  95,  95, 767) (   0,   0,   0))
         ((  48,  96,   0) (  95, 143,  47) (   0,   0,   0))
         ((  48,  96,  48) (  95, 143,  95) (   0,   0,   0))
         ((  48,  96,  96) (  95, 143, 143) (   0,   0,   0))
         ((  48,  96, 144) (  95, 143, 191) (   0,   0,   0))
         ((  48,  96, 192) (  95, 143, 239) (   0,   0,   0))
         ((  48,  96, 240) (  95, 143, 287) (   0,   0,   0))
         ((  48,  96, 288) (  95, 143, 335) (   0,   0,   0))
         ((  48,  96, 336) (  95, 143, 383) (   0,   0,   0))
         ((  48,  96, 384) (  95, 143, 431) (   0,   0,   0))
         ((  48,  96, 432) (  95, 143, 479) (   0,   0,   0))
         ((  48,  96, 480) (  95, 143, 527) (   0,   0,   0))
         ((  48,  96, 528) (  95, 143, 575) (   0,   0,   0))
         ((  48,  96, 576) (  95, 143, 623) (   0,   0,   0))
         ((  48,  96, 624) (  95, 143, 671) (   0,   0,   0))
         ((  48,  96, 672) (  95, 143, 719) (   0,   0,   0))
         ((  48,  96, 720) (  95, 143, 767) (   0,   0,   0))
         ((  48, 144,   0) (  95, 191,  47) (   0,   0,   0))
         ((  48, 144,  48) (  95, 191,  95) (   0,   0,   0))
         ((  48, 144,  96) (  95, 191, 143) (   0,   0,   0))
         ((  48, 144, 144) (  95, 191, 191) (   0,   0,   0))
         ((  48, 144, 192) (  95, 191, 239) (   0,   0,   0))
         ((  48, 144, 240) (  95, 191, 287) (   0,   0,   0))
         ((  48, 144, 288) (  95, 191, 335) (   0,   0,   0))
         ((  48, 144, 336) (  95, 191, 383) (   0,   0,   0))
         ((  48, 144, 384) (  95, 191, 431) (   0,   0,   0))
         ((  48, 144, 432) (  95, 191, 479) (   0,   0,   0))
         ((  48, 144, 480) (  95, 191, 527) (   0,   0,   0))
         ((  48, 144, 528) (  95, 191, 575) (   0,   0,   0))
         ((  48, 144, 576) (  95, 191, 623) (   0,   0,   0))
         ((  48, 144, 624) (  95, 191, 671) (   0,   0,   0))
         ((  48, 144, 672) (  95, 191, 719) (   0,   0,   0))
         ((  48, 144, 720) (  95, 191, 767) (   0,   0,   0))
         ((  48, 192,   0) (  95, 239,  47) (   0,   0,   0))
         ((  48, 192,  48) (  95, 239,  95) (   0,   0,   0))
         ((  48, 192,  96) (  95, 239, 143) (   0,   0,   0))
         ((  48, 192, 144) (  95, 239, 191) (   0,   0,   0))
         ((  48, 192, 192) (  95, 239, 239) (   0,   0,   0))
         ((  48, 192, 240) (  95, 239, 287) (   0,   0,   0))
         ((  48, 192, 288) (  95, 239, 335) (   0,   0,   0))
         ((  48, 192, 336) (  95, 239, 383) (   0,   0,   0))
         ((  48, 192, 384) (  95, 239, 431) (   0,   0,   0))
         ((  48, 192, 432) (  95, 239, 479) (   0,   0,   0))
         ((  48, 192, 480) (  95, 239, 527) (   0,   0,   0))
         ((  48, 192, 528) (  95, 239, 575) (   0,   0,   0))
         ((  48, 192, 576) (  95, 239, 623) (   0,   0,   0))
         ((  48, 192, 624) (  95, 239, 671) (   0,   0,   0))
         ((  48, 192, 672) (  95, 239, 719) (   0,   0,   0))
         ((  48, 192, 720) (  95, 239, 767) (   0,   0,   0))
         ((  48, 240,   0) (  95, 287,  47) (   0,   0,   0))
         ((  48, 240,  48) (  95, 287,  95) (   0,   0,   0))
         ((  48, 240,  96) (  95, 287, 143) (   0,   0,   0))
         ((  48, 240, 144) (  95, 287, 191) (   0,   0,   0))
         ((  48, 240, 192) (  95, 287, 239) (   0,   0,   0))
         ((  48, 240, 240) (  95, 287, 287) (   0,   0,   0))
         ((  48, 240, 288) (  95, 287, 335) (   0,   0,   0))
         ((  48, 240, 336) (  95, 287, 383) (   0,   0,   0))
         ((  48, 240, 384) (  95, 287, 431) (   0,   0,   0))
         ((  48, 240, 432) (  95, 287, 479) (   0,   0,   0))
         ((  48, 240, 480) (  95, 287, 527) (   0,   0,   0))
         ((  48, 240, 528) (  95, 287, 575) (   0,   0,   0))
         ((  48, 240, 576) (  95, 287, 623) (   0,   0,   0))
         ((  48, 240, 624) (  95, 287, 671) (   0,   0,   0))
         ((  48, 240, 672) (  95, 287, 719) (   0,   0,   0))
         ((  48, 240, 720) (  95, 287, 767) (   0,   0,   0))
         ((  48, 288,   0) (  95, 335,  47) (   0,   0,   0))
         ((  48, 288,  48) (  95, 335,  95) (   0,   0,   0))
         ((  48, 288,  96) (  95, 335, 143) (   0,   0,   0))
         ((  48, 288, 144) (  95, 335, 191) (   0,   0,   0))
         ((  48, 288, 192) (  95, 335, 239) (   0,   0,   0))
         ((  48, 288, 240) (  95, 335, 287) (   0,   0,   0))
         ((  48, 288, 288) (  95, 335, 335) (   0,   0,   0))
         ((  48, 288, 336) (  95, 335, 383) (   0,   0,   0))
         ((  48, 288, 384) (  95, 335, 431) (   0,   0,   0))
         ((  48, 288, 432) (  95, 335, 479) (   0,   0,   0))
         ((  48, 288, 480) (  95, 335, 527) (   0,   0,   0))
         ((  48, 288, 528) (  95, 335, 575) (   0,   0,   0))
         ((  48, 288, 576) (  95, 335, 623) (   0,   0,   0))
         ((  48, 288, 624) (  95, 335, 671) (   0,   0,   0))
         ((  48, 288, 672) (  95, 335, 719) (   0,   0,   0))
         ((  48, 288, 720) (  95, 335, 767) (   0,   0,   0))
         ((  48, 336,   0) (  95, 383,  47) (   0,   0,   0))
         ((  48, 336,  48) (  95, 383,  95) (   0,   0,   0))
         ((  48, 336,  96) (  95, 383, 143) (   0,   0,   0))
         ((  48, 336, 144) (  95, 383, 191) (   0,   0,   0))
         ((  48, 336, 192) (  95, 383, 239) (   0,   0,   0))
         ((  48, 336, 240) (  95, 383, 287) (   0,   0,   0))
         ((  48, 336, 288) (  95, 383, 335) (   0,   0,   0))
         ((  48, 336, 336) (  95, 383, 383) (   0,   0,   0))
         ((  48, 336, 384) (  95, 383, 431) (   0,   0,   0))
         ((  48, 336, 432) (  95, 383, 479) (   0,   0,   0))
         ((  48, 336, 480) (  95, 383, 527) (   0,   0,   0))
         ((  48, 336, 528) (  95, 383, 575) (   0,   0,   0))
         ((  48, 336, 576) (  95, 383, 623) (   0,   0,   0))
         ((  48, 336, 624) (  95, 383, 671) (   0,   0,   0))
         ((  48, 336, 672) (  95, 383, 719) (   0,   0,   0))
         ((  48, 336, 720) (  95, 383, 767) (   0,   0,   0))
         ((  96,   0,   0) ( 143,  47,  47) (   0,   0,   0))
         ((  96,   0,  48) ( 143,  47,  95) (   0,   0,   0))
         ((  96,   0,  96) ( 143,  47, 143) (   0,   0,   0))
         ((  96,   0, 144) ( 143,  47, 191) (   0,   0,   0))
         ((  96,   0, 192) ( 143,  47, 239) (   0,   0,   0))
         ((  96,   0, 240) ( 143,  47, 287) (   0,   0,   0))
         ((  96,   0, 288) ( 143,  47, 335) (   0,   0,   0))
         ((  96,   0, 336) ( 143,  47, 383) (   0,   0,   0))
         ((  96,   0, 384) ( 143,  47, 431) (   0,   0,   0))
         ((  96,   0, 432) ( 143,  47, 479) (   0,   0,   0))
         ((  96,   0, 480) ( 143,  47, 527) (   0,   0,   0))
         ((  96,   0, 528) ( 143,  47, 575) (   0,   0,   0))
         ((  96,   0, 576) ( 143,  47, 623) (   0,   0,   0))
         ((  96,   0, 624) ( 143,  47, 671) (   0,   0,   0))
         ((  96,   0, 672) ( 143,  47, 719) (   0,   0,   0))
         ((  96,   0, 720) ( 143,  47, 767) (   0,   0,   0))
         ((  96,  48,   0) ( 143,  95,  47) (   0,   0,   0))
         ((  96,  48,  48) ( 143,  95,  95) (   0,   0,   0))
         ((  96,  48,  96) ( 143,  95, 143) (   0,   0,   0))
         ((  96,  48, 144) ( 143,  95, 191) (   0,   0,   0))
         ((  96,  48, 192) ( 143,  95, 239) (   0,   0,   0))
         ((  96,  48, 240) ( 143,  95, 287) (   0,   0,   0))
         ((  96,  48, 288) ( 143,  95, 335) (   0,   0,   0))
         ((  96,  48, 336) ( 143,  95, 383) (   0,   0,   0))
         ((  96,  48, 384) ( 143,  95, 431) (   0,   0,   0))
         ((  96,  48, 432) ( 143,  95, 479) (   0,   0,   0))
         ((  96,  48, 480) ( 143,  95, 527) (   0,   0,   0))
         ((  96,  48, 528) ( 143,  95, 575) (   0,   0,   0))
         ((  96,  48, 576) ( 143,  95, 623) (   0,   0,   0))
         ((  96,  48, 624) ( 143,  95, 671) (   0,   0,   0))
         ((  96,  48, 672) ( 143,  95, 719) (   0,   0,   0))
         ((  96,  48, 720) ( 143,  95, 767) (   0,   0,   0))
         ((  96,  96,   0) ( 143, 143,  47) (   0,   0,   0))
         ((  96,  96,  48) ( 143, 143,  95) (   0,   0,   0))
         ((  96,  96,  96) ( 143, 143, 143) (   0,   0,   0))
         ((  96,  96, 144) ( 143, 143, 191) (   0,   0,   0))
         ((  96,  96, 192) ( 143, 143, 239) (   0,   0,   0))
         ((  96,  96, 240) ( 143, 143, 287) (   0,   0,   0))
         ((  96,  96, 288) ( 143, 143, 335) (   0,   0,   0))
         ((  96,  96, 336) ( 143, 143, 383) (   0,   0,   0))
         ((  96,  96, 384) ( 143, 143, 431) (   0,   0,   0))
         ((  96,  96, 432) ( 143, 143, 479) (   0,   0,   0))
         ((  96,  96, 480) ( 143, 143, 527) (   0,   0,   0))
         ((  96,  96, 528) ( 143, 143, 575) (   0,   0,   0))
         ((  96,  96, 576) ( 143, 143, 623) (   0,   0,   0))
         ((  96,  96, 624) ( 143, 143, 671) (   0,   0,   0))
         ((  96,  96, 672) ( 143, 143, 719) (   0,   0,   0))
         ((  96,  96, 720) ( 143, 143, 767) (   0,   0,   0))
         ((  96, 144,   0) ( 143, 191,  47) (   0,   0,   0))
         ((  96, 144,  48) ( 143, 191,  95) (   0,   0,   0))
         ((  96, 144,  96) ( 143, 191, 143) (   0,   0,   0))
         ((  96, 144, 144) ( 143, 191, 191) (   0,   0,   0))
         ((  96, 144, 192) ( 143, 191, 239) (   0,   0,   0))
         ((  96, 144, 240) ( 143, 191, 287) (   0,   0,   0))
         ((  96, 144, 288) ( 143, 191, 335) (   0,   0,   0))
         ((  96, 144, 336) ( 143, 191, 383) (   0,   0,   0))
         ((  96, 144, 384) ( 143, 191, 431) (   0,   0,   0))
         ((  96, 144, 432) ( 143, 191, 479) (   0,   0,   0))
         ((  96, 144, 480) ( 143, 191, 527) (   0,   0,   0))
         ((  96, 144, 528) ( 143, 191, 575) (   0,   0,   0))
         ((  96, 144, 576) ( 143, 191, 623) (   0,   0,   0))
         ((  96, 144, 624) ( 143, 191, 671) (   0,   0,   0))
         ((  96, 144, 672) ( 143, 191, 719) (   0,   0,   0))
         ((  96, 144, 720) ( 143, 191, 767) (   0,   0,   0))
         ((  96, 192,   0) ( 143, 239,  47) (   0,   0,   0))
         ((  96, 192,  48) ( 143, 239,  95) (   0,   0,   0))
         ((  96, 192,  96) ( 143, 239, 143) (   0,   0,   0))
         ((  96, 192, 144) ( 143, 239, 191) (   0,   0,   0))
         ((  96, 192, 192) ( 143, 239, 239) (   0,   0,   0))
         ((  96, 192, 240) ( 143, 239, 287) (   0,   0,   0))
         ((  96, 192, 288) ( 143, 239, 335) (   0,   0,   0))
         ((  96, 192, 336) ( 143, 239, 383) (   0,   0,   0))
         ((  96, 192, 384) ( 143, 239, 431) (   0,   0,   0))
         ((  96, 192, 432) ( 143, 239, 479) (   0,   0,   0))
         ((  96, 192, 480) ( 143, 239, 527) (   0,   0,   0))
         ((  96, 192, 528) ( 143, 239, 575) (   0,   0,   0))
         ((  96, 192, 576) ( 143, 239, 623) (   0,   0,   0))
         ((  96, 192, 624) ( 143, 239, 671) (   0,   0,   0))
         ((  96, 192, 672) ( 143, 239, 719) (   0,   0,   0))
         ((  96, 192, 720) ( 143, 239, 767) (   0,   0,   0))
         ((  96, 240,   0) ( 143, 287,  47) (   0,   0,   0))
         ((  96, 240,  48) ( 143, 287,  95) (   0,   0,   0))
         ((  96, 240,  96) ( 143, 287, 143) (   0,   0,   0))
         ((  96, 240, 144) ( 143, 287, 191) (   0,   0,   0))
         ((  96, 240, 192) ( 143, 287, 239) (   0,   0,   0))
         ((  96, 240, 240) ( 143, 287, 287) (   0,   0,   0))
         ((  96, 240, 288) ( 143, 287, 335) (   0,   0,   0))
         ((  96, 240, 336) ( 143, 287, 383) (   0,   0,   0))
         ((  96, 240, 384) ( 143, 287, 431) (   0,   0,   0))
         ((  96, 240, 432) ( 143, 287, 479) (   0,   0,   0))
         ((  96, 240, 480) ( 143, 287, 527) (   0,   0,   0))
         ((  96, 240, 528) ( 143, 287, 575) (   0,   0,   0))
         ((  96, 240, 576) ( 143, 287, 623) (   0,   0,   0))
         ((  96, 240, 624) ( 143, 287, 671) (   0,   0,   0))
         ((  96, 240, 672) ( 143, 287, 719) (   0,   0,   0))
         ((  96, 240, 720) ( 143, 287, 767) (   0,   0,   0))
         ((  96, 288,   0) ( 143, 335,  47) (   0,   0,   0))
         ((  96, 288,  48) ( 143, 335,  95) (   0,   0,   0))
         ((  96, 288,  96) ( 143, 335, 143) (   0,   0,   0))
         ((  96, 288, 144) ( 143, 335, 191) (   0,   0,   0))
         ((  96, 288, 192) ( 143, 335, 239) (   0,   0,   0))
         ((  96, 288, 240) ( 143, 335, 287) (   0,   0,   0))
         ((  96, 288, 288) ( 143, 335, 335) (   0,   0,   0))
         ((  96, 288, 336) ( 143, 335, 383) (   0,   0,   0))
         ((  96, 288, 384) ( 143, 335, 431) (   0,   0,   0))
         ((  96, 288, 432) ( 143, 335, 479) (   0,   0,   0))
         ((  96, 288, 480) ( 143, 335, 527) (   0,   0,   0))
         ((  96, 288, 528) ( 143, 335, 575) (   0,   0,   0))
         ((  96, 288, 576) ( 143, 335, 623) (   0,   0,   0))
         ((  96, 288, 624) ( 143, 335, 671) (   0,   0,   0))
         ((  96, 288, 672) ( 143, 335, 719) (   0,   0,   0))
         ((  96, 288, 720) ( 143, 335, 767) (   0,   0,   0))
         ((  96, 336,   0) ( 143, 383,  47) (   0,   0,   0))
         ((  96, 336,  48) ( 143, 383,  95) (   0,   0,   0))
         ((  96, 336,  96) ( 143, 383, 143) (   0,   0,   0))
         ((  96, 336, 144) ( 143, 383, 191) (   0,   0,   0))
         ((  96, 336, 192) ( 143, 383, 239) (   0,   0,   0))
         ((  96, 336, 240) ( 143, 383, 287) (   0,   0,   0))
         ((  96, 336, 288) ( 143, 383, 335) (   0,   0,   0))
         ((  96, 336, 336) ( 143, 383, 383) (   0,   0,   0))
         ((  96, 336, 384) ( 143, 383, 431) (   0,   0,   0))
         ((  96, 336, 432) ( 143, 383, 479) (   0,   0,   0))
         ((  96, 336, 480) ( 143, 383, 527) (   0,   0,   0))
         ((  96, 336, 528) ( 143, 383, 575) (   0,   0,   0))
         ((  96, 336, 576) ( 143, 383, 623) (   0,   0,   0))
         ((  96, 336, 624) ( 143, 383, 671) (   0,   0,   0))
         ((  96, 336, 672) ( 143, 383, 719) (   0,   0,   0))
         ((  96, 336, 720) ( 143, 383, 767) (   0,   0,   0))
         (( 144,   0,   0) ( 191,  47,  47) (   0,   0,   0))
         (( 144,   0,  48) ( 191,  47,  95) (   0,   0,   0))
         (( 144,   0,  96) ( 191,  47, 143) (   0,   0,   0))
         (( 144,   0, 144) ( 191,  47, 191) (   0,   0,   0))
         (( 144,   0, 192) ( 191,  47, 239) (   0,   0,   0))
         (( 144,   0, 240) ( 191,  47, 287) (   0,   0,   0))
         (( 144,   0, 288) ( 191,  47, 335) (   0,   0,   0))
         (( 144,   0, 336) ( 191,  47, 383) (   0,   0,   0))
         (( 144,   0, 384) ( 191,  47, 431) (   0,   0,   0))
         (( 144,   0, 432) ( 191,  47, 479) (   0,   0,   0))
         (( 144,   0, 480) ( 191,  47, 527) (   0,   0,   0))
         (( 144,   0, 528) ( 191,  47, 575) (   0,   0,   0))
         (( 144,   0, 576) ( 191,  47, 623) (   0,   0,   0))
         (( 144,   0, 624) ( 191,  47, 671) (   0,   0,   0))
         (( 144,   0, 672) ( 191,  47, 719) (   0,   0,   0))
         (( 144,   0, 720) ( 191,  47, 767) (   0,   0,   0))
         (( 144,  48,   0) ( 191,  95,  47) (   0,   0,   0))
         (( 144,  48,  48) ( 191,  95,  95) (   0,   0,   0))
         (( 144,  48,  96) ( 191,  95, 143) (   0,   0,   0))
         (( 144,  48, 144) ( 191,  95, 191) (   0,   0,   0))
         (( 144,  48, 192) ( 191,  95, 239) (   0,   0,   0))
         (( 144,  48, 240) ( 191,  95, 287) (   0,   0,   0))
         (( 144,  48, 288) ( 191,  95, 335) (   0,   0,   0))
         (( 144,  48, 336) ( 191,  95, 383) (   0,   0,   0))
         (( 144,  48, 384) ( 191,  95, 431) (   0,   0,   0))
         (( 144,  48, 432) ( 191,  95, 479) (   0,   0,   0))
         (( 144,  48, 480) ( 191,  95, 527) (   0,   0,   0))
         (( 144,  48, 528) ( 191,  95, 575) (   0,   0,   0))
         (( 144,  48, 576) ( 191,  95, 623) (   0,   0,   0))
         (( 144,  48, 624) ( 191,  95, 671) (   0,   0,   0))
         (( 144,  48, 672) ( 191,  95, 719) (   0,   0,   0))
         (( 144,  48, 720) ( 191,  95, 767) (   0,   0,   0))
         (( 144,  96,   0) ( 191, 143,  47) (   0,   0,   0))
         (( 144,  96,  48) ( 191, 143,  95) (   0,   0,   0))
         (( 144,  96,  96) ( 191, 143, 143) (   0,   0,   0))
         (( 144,  96, 144) ( 191, 143, 191) (   0,   0,   0))
         (( 144,  96, 192) ( 191, 143, 239) (   0,   0,   0))
         (( 144,  96, 240) ( 191, 143, 287) (   0,   0,   0))
         (( 144,  96, 288) ( 191, 143, 335) (   0,   0,   0))
         (( 144,  96, 336) ( 191, 143, 383) (   0,   0,   0))
         (( 144,  96, 384) ( 191, 143, 431) (   0,   0,   0))
         (( 144,  96, 432) ( 191, 143, 479) (   0,   0,   0))
         (( 144,  96, 480) ( 191, 143, 527) (   0,   0,   0))
         (( 144,  96, 528) ( 191, 143, 575) (   0,   0,   0))
         (( 144,  96, 576) ( 191, 143, 623) (   0,   0,   0))
         (( 144,  96, 624) ( 191, 143, 671) (   0,   0,   0))
         (( 144,  96, 672) ( 191, 143, 719) (   0,   0,   0))
         (( 144,  96, 720) ( 191, 143, 767) (   0,   0,   0))
         (( 144, 144,   0) ( 191, 191,  47) (   0,   0,   0))
         (( 144, 144,  48) ( 191, 191,  95) (   0,   0,   0))
         (( 144, 144,  96) ( 191, 191, 143) (   0,   0,   0))
         (( 144, 144, 144) ( 191, 191, 191) (   0,   0,   0))
         (( 144, 144, 192) ( 191, 191, 239) (   0,   0,   0))
         (( 144, 144, 240) ( 191, 191, 287) (   0,   0,   0))
         (( 144, 144, 288) ( 191, 191, 335) (   0,   0,   0))
         (( 144, 144, 336) ( 191, 191, 383) (   0,   0,   0))
         (( 144, 144, 384) ( 191, 191, 431) (   0,   0,   0))
         (( 144, 144, 432) ( 191, 191, 479) (   0,   0,   0))
         (( 144, 144, 480) ( 191, 191, 527) (   0,   0,   0))
         (( 144, 144, 528) ( 191, 191, 575) (   0,   0,   0))
         (( 144, 144, 576) ( 191, 191, 623) (   0,   0,   0))
         (( 144, 144, 624) ( 191, 191, 671) (   0,   0,   0))
         (( 144, 144, 672) ( 191, 191, 719) (   0,   0,   0))
         (( 144, 144, 720) ( 191, 191, 767) (   0,   0,   0))
         (( 144, 192,   0) ( 191, 239,  47) (   0,   0,   0))
         (( 144, 192,  48) ( 191, 239,  95) (   0,   0,   0))
         (( 144, 192,  96) ( 191, 239, 143) (   0,   0,   0))
         (( 144, 192, 144) ( 191, 239, 191) (   0,   0,   0))
         (( 144, 192, 192) ( 191, 239, 239) (   0,   0,   0))
         (( 144, 192, 240) ( 191, 239, 287) (   0,   0,   0))
         (( 144, 192, 288) ( 191, 239, 335) (   0,   0,   0))
         (( 144, 192, 336) ( 191, 239, 383) (   0,   0,   0))
         (( 144, 192, 384) ( 191, 239, 431) (   0,   0,   0))
         (( 144, 192, 432) ( 191, 239, 479) (   0,   0,   0))
         (( 144, 192, 480) ( 191, 239, 527) (   0,   0,   0))
         (( 144, 192, 528) ( 191, 239, 575) (   0,   0,   0))
         (( 144, 192, 576) ( 191, 239, 623) (   0,   0,   0))
         (( 144, 192, 624) ( 191, 239, 671) (   0,   0,   0))
         (( 144, 192, 672) ( 191, 239, 719) (   0,   0,   0))
         (( 144, 192, 720) ( 191, 239, 767) (   0,   0,   0))
         (( 144, 240,   0) ( 191, 287,  47) (   0,   0,   0))
         (( 144, 240,  48) ( 191, 287,  95) (   0,   0,   0))
         (( 144, 240,  96) ( 191, 287, 143) (   0,   0,   0))
         (( 144, 240, 144) ( 191, 287, 191) (   0,   0,   0))
         (( 144, 240, 192) ( 191, 287, 239) (   0,   0,   0))
         (( 144, 240, 240) ( 191, 287, 287) (   0,   0,   0))
         (( 144, 240, 288) ( 191, 287, 335) (   0,   0,   0))
         (( 144, 240, 336) ( 191, 287, 383) (   0,   0,   0))
         (( 144, 240, 384) ( 191, 287, 431) (   0,   0,   0))
         (( 144, 240, 432) ( 191, 287, 479) (   0,   0,   0))
         (( 144, 240, 480) ( 191, 287, 527) (   0,   0,   0))
         (( 144, 240, 528) ( 191, 287, 575) (   0,   0,   0))
         (( 144, 240, 576) ( 191, 287, 623) (   0,   0,   0))
         (( 144, 240, 624) ( 191, 287, 671) (   0,   0,   0))
         (( 144, 240, 672) ( 191, 287, 719) (   0,   0,   0))
         (( 144, 240, 720) ( 191, 287, 767) (   0,   0,   0))
         (( 144, 288,   0) ( 191, 335,  47) (   0,   0,   0))
         (( 144, 288,  48) ( 191, 335,  95) (   0,   0,   0))
         (( 144, 288,  96) ( 191, 335, 143) (   0,   0,   0))
         (( 144, 288, 144) ( 191, 335, 191) (   0,   0,   0))
         (( 144, 288, 192) ( 191, 335, 239) (   0,   0,   0))
         (( 144, 288, 240) ( 191, 335, 287) (   0,   0,   0))
         (( 144, 288, 288) ( 191, 335, 335) (   0,   0,   0))
         (( 144, 288, 336) ( 191, 335, 383) (   0,   0,   0))
         (( 144, 288, 384) ( 191, 335, 431) (   0,   0,   0))
         (( 144, 288, 432) ( 191, 335, 479) (   0,   0,   0))
         (( 144, 288, 480) ( 191, 335, 527) (   0,   0,   0))
         (( 144, 288, 528) ( 191, 335, 575) (   0,   0,   0))
         (( 144, 288, 576) ( 191, 335, 623) (   0,   0,   0))
         (( 144, 288, 624) ( 191, 335, 671) (   0,   0,   0))
         (( 144, 288, 672) ( 191, 335, 719) (   0,   0,   0))
         (( 144, 288, 720) ( 191, 335, 767) (   0,   0,   0))
         (( 144, 336,   0) ( 191, 383,  47) (   0,   0,   0))
         (( 144, 336,  48) ( 191, 383,  95) (   0,   0,   0))
         (( 144, 336,  96) ( 191, 383, 143) (   0,   0,   0))
         (( 144, 336, 144) ( 191, 383, 191) (   0,   0,   0))
         (( 144, 336, 192) ( 191, 383, 239) (   0,   0,   0))
         (( 144, 336, 240) ( 191, 383, 287) (   0,   0,   0))
         (( 144, 336, 288) ( 191, 383, 335) (   0,   0,   0))
         (( 144, 336, 336) ( 191, 383, 383) (   0,   0,   0))
         (( 144, 336, 384) ( 191, 383, 431) (   0,   0,   0))
         (( 144, 336, 432) ( 191, 383, 479) (   0,   0,   0))
         (( 144, 336, 480) ( 191, 383, 527) (   0,   0,   0))
         (( 144, 336, 528) ( 191, 383, 575) (   0,   0,   0))
         (( 144, 336, 576) ( 191, 383, 623) (   0,   0,   0))
         (( 144, 336, 624) ( 191, 383, 671) (   0,   0,   0))
         (( 144, 336, 672) ( 191, 383, 719) (   0,   0,   0))
         (( 144, 336, 720) ( 191, 383, 767) (   0,   0,   0))
         (( 192,   0,   0) ( 239,  47,  47) (   0,   0,   0))
         (( 192,   0,  48) ( 239,  47,  95) (   0,   0,   0))
         (( 192,   0,  96) ( 239,  47, 143) (   0,   0,   0))
         (( 192,   0, 144) ( 239,  47, 191) (   0,   0,   0))
         (( 192,   0, 192) ( 239,  47, 239) (   0,   0,   0))
         (( 192,   0, 240) ( 239,  47, 287) (   0,   0,   0))
         (( 192,   0, 288) ( 239,  47, 335) (   0,   0,   0))
         (( 192,   0, 336) ( 239,  47, 383) (   0,   0,   0))
         (( 192,   0, 384) ( 239,  47, 431) (   0,   0,   0))
         (( 192,   0, 432) ( 239,  47, 479) (   0,   0,   0))
         (( 192,   0, 480) ( 239,  47, 527) (   0,   0,   0))
         (( 192,   0, 528) ( 239,  47, 575) (   0,   0,   0))
         (( 192,   0, 576) ( 239,  47, 623) (   0,   0,   0))
         (( 192,   0, 624) ( 239,  47, 671) (   0,   0,   0))
         (( 192,   0, 672) ( 239,  47, 719) (   0,   0,   0))
         (( 192,   0, 720) ( 239,  47, 767) (   0,   0,   0))
         (( 192,  48,   0) ( 239,  95,  47) (   0,   0,   0))
         (( 192,  48,  48) ( 239,  95,  95) (   0,   0,   0))
         (( 192,  48,  96) ( 239,  95, 143) (   0,   0,   0))
         (( 192,  48, 144) ( 239,  95, 191) (   0,   0,   0))
         (( 192,  48, 192) ( 239,  95, 239) (   0,   0,   0))
         (( 192,  48, 240) ( 239,  95, 287) (   0,   0,   0))
         (( 192,  48, 288) ( 239,  95, 335) (   0,   0,   0))
         (( 192,  48, 336) ( 239,  95, 383) (   0,   0,   0))
         (( 192,  48, 384) ( 239,  95, 431) (   0,   0,   0))
         (( 192,  48, 432) ( 239,  95, 479) (   0,   0,   0))
         (( 192,  48, 480) ( 239,  95, 527) (   0,   0,   0))
         (( 192,  48, 528) ( 239,  95, 575) (   0,   0,   0))
         (( 192,  48, 576) ( 239,  95, 623) (   0,   0,   0))
         (( 192,  48, 624) ( 239,  95, 671) (   0,   0,   0))
         (( 192,  48, 672) ( 239,  95, 719) (   0,   0,   0))
         (( 192,  48, 720) ( 239,  95, 767) (   0,   0,   0))
         (( 192,  96,   0) ( 239, 143,  47) (   0,   0,   0))
         (( 192,  96,  48) ( 239, 143,  95) (   0,   0,   0))
         (( 192,  96,  96) ( 239, 143, 143) (   0,   0,   0))
         (( 192,  96, 144) ( 239, 143, 191) (   0,   0,   0))
         (( 192,  96, 192) ( 239, 143, 239) (   0,   0,   0))
         (( 192,  96, 240) ( 239, 143, 287) (   0,   0,   0))
         (( 192,  96, 288) ( 239, 143, 335) (   0,   0,   0))
         (( 192,  96, 336) ( 239, 143, 383) (   0,   0,   0))
         (( 192,  96, 384) ( 239, 143, 431) (   0,   0,   0))
         (( 192,  96, 432) ( 239, 143, 479) (   0,   0,   0))
         (( 192,  96, 480) ( 239, 143, 527) (   0,   0,   0))
         (( 192,  96, 528) ( 239, 143, 575) (   0,   0,   0))
         (( 192,  96, 576) ( 239, 143, 623) (   0,   0,   0))
         (( 192,  96, 624) ( 239, 143, 671) (   0,   0,   0))
         (( 192,  96, 672) ( 239, 143, 719) (   0,   0,   0))
         (( 192,  96, 720) ( 239, 143, 767) (   0,   0,   0))
         (( 192, 144,   0) ( 239, 191,  47) (   0,   0,   0))
         (( 192, 144,  48) ( 239, 191,  95) (   0,   0,   0))
         (( 192, 144,  96) ( 239, 191, 143) (   0,   0,   0))
         (( 192, 144, 144) ( 239, 191, 191) (   0,   0,   0))
         (( 192, 144, 192) ( 239, 191, 239) (   0,   0,   0))
         (( 192, 144, 240) ( 239, 191, 287) (   0,   0,   0))
         (( 192, 144, 288) ( 239, 191, 335) (   0,   0,   0))
         (( 192, 144, 336) ( 239, 191, 383) (   0,   0,   0))
         (( 192, 144, 384) ( 239, 191, 431) (   0,   0,   0))
         (( 192, 144, 432) ( 239, 191, 479) (   0,   0,   0))
         (( 192, 144, 480) ( 239, 191, 527) (   0,   0,   0))
         (( 192, 144, 528) ( 239, 191, 575) (   0,   0,   0))
         (( 192, 144, 576) ( 239, 191, 623) (   0,   0,   0))
         (( 192, 144, 624) ( 239, 191, 671) (   0,   0,   0))
         (( 192, 144, 672) ( 239, 191, 719) (   0,   0,   0))
         (( 192, 144, 720) ( 239, 191, 767) (   0,   0,   0))
         (( 192, 192,   0) ( 239, 239,  47) (   0,   0,   0))
         (( 192, 192,  48) ( 239, 239,  95) (   0,   0,   0))
         (( 192, 192,  96) ( 239, 239, 143) (   0,   0,   0))
         (( 192, 192, 144) ( 239, 239, 191) (   0,   0,   0))
         (( 192, 192, 192) ( 239, 239, 239) (   0,   0,   0))
         (( 192, 192, 240) ( 239, 239, 287) (   0,   0,   0))
         (( 192, 192, 288) ( 239, 239, 335) (   0,   0,   0))
         (( 192, 192, 336) ( 239, 239, 383) (   0,   0,   0))
         (( 192, 192, 384) ( 239, 239, 431) (   0,   0,   0))
         (( 192, 192, 432) ( 239, 239, 479) (   0,   0,   0))
         (( 192, 192, 480) ( 239, 239, 527) (   0,   0,   0))
         (( 192, 192, 528) ( 239, 239, 575) (   0,   0,   0))
         (( 192, 192, 576) ( 239, 239, 623) (   0,   0,   0))
         (( 192, 192, 624) ( 239, 239, 671) (   0,   0,   0))
         (( 192, 192, 672) ( 239, 239, 719) (   0,   0,   0))
         (( 192, 192, 720) ( 239, 239, 767) (   0,   0,   0))
         (( 192, 240,   0) ( 239, 287,  47) (   0,   0,   0))
         (( 192, 240,  48) ( 239, 287,  95) (   0,   0,   0))
         (( 192, 240,  96) ( 239, 287, 143) (   0,   0,   0))
         (( 192, 240, 144) ( 239, 287, 191) (   0,   0,   0))
         (( 192, 240, 192) ( 239, 287, 239) (   0,   0,   0))
         (( 192, 240, 240) ( 239, 287, 287) (   0,   0,   0))
         (( 192, 240, 288) ( 239, 287, 335) (   0,   0,   0))
         (( 192, 240, 336) ( 239, 287, 383) (   0,   0,   0))
         (( 192, 240, 384) ( 239, 287, 431) (   0,   0,   0))
         (( 192, 240, 432) ( 239, 287, 479) (   0,   0,   0))
         (( 192, 240, 480) ( 239, 287, 527) (   0,   0,   0))
         (( 192, 240, 528) ( 239, 287, 575) (   0,   0,   0))
         (( 192, 240, 576) ( 239, 287, 623) (   0,   0,   0))
         (( 192, 240, 624) ( 239, 287, 671) (   0,   0,   0))
         (( 192, 240, 672) ( 239, 287, 719) (   0,   0,   0))
         (( 192, 240, 720) ( 239, 287, 767) (   0,   0,   0))
         (( 192, 288,   0) ( 239, 335,  47) (   0,   0,   0))
         (( 192, 288,  48) ( 239, 335,  95) (   0,   0,   0))
         (( 192, 288,  96) ( 239, 335, 143) (   0,   0,   0))
         (( 192, 288, 144) ( 239, 335, 191) (   0,   0,   0))
         (( 192, 288, 192) ( 239, 335, 239) (   0,   0,   0))
         (( 192, 288, 240) ( 239, 335, 287) (   0,   0,   0))
         (( 192, 288, 288) ( 239, 335, 335) (   0,   0,   0))
         (( 192, 288, 336) ( 239, 335, 383) (   0,   0,   0))
         (( 192, 288, 384) ( 239, 335, 431) (   0,   0,   0))
         (( 192, 288, 432) ( 239, 335, 479) (   0,   0,   0))
         (( 192, 288, 480) ( 239, 335, 527) (   0,   0,   0))
         (( 192, 288, 528) ( 239, 335, 575) (   0,   0,   0))
         (( 192, 288, 576) ( 239, 335, 623) (   0,   0,   0))
         (( 192, 288, 624) ( 239, 335, 671) (   0,   0,   0))
         (( 192, 288, 672) ( 239, 335, 719) (   0,   0,   0))
         (( 192, 288, 720) ( 239, 335, 767) (   0,   0,   0))
         (( 192, 336,   0) ( 239, 383,  47) (   0,   0,   0))
         (( 192, 336,  48) ( 239, 383,  95) (   0,   0,   0))
         (( 192, 336,  96) ( 239, 383, 143) (   0,   0,   0))
         (( 192, 336, 144) ( 239, 383, 191) (   0,   0,   0))
         (( 192, 336, 192) ( 239, 383, 239) (   0,   0,   0))
         (( 192, 336, 240) ( 239, 383, 287) (   0,   0,   0))
         (( 192, 336, 288) ( 239, 383, 335) (   0,   0,   0))
         (( 192, 336, 336) ( 239, 383, 383) (   0,   0,   0))
         (( 192, 336, 384) ( 239, 383, 431) (   0,   0,   0))
         (( 192, 336, 432) ( 239, 383, 479) (   0,   0,   0))
         (( 192, 336, 480) ( 239, 383, 527) (   0,   0,   0))
         (( 192, 336, 528) ( 239, 383, 575) (   0,   0,   0))
         (( 192, 336, 576) ( 239, 383, 623) (   0,   0,   0))
         (( 192, 336, 624) ( 239, 383, 671) (   0,   0,   0))
         (( 192, 336, 672) ( 239, 383, 719) (   0,   0,   0))
         (( 192, 336, 720) ( 239, 383, 767) (   0,   0,   0))
         (( 240,   0,   0) ( 287,  47,  47) (   0,   0,   0))
         (( 240,   0,  48) ( 287,  47,  95) (   0,   0,   0))
         (( 240,   0,  96) ( 287,  47, 143) (   0,   0,   0))
         (( 240,   0, 144) ( 287,  47, 191) (   0,   0,   0))
         (( 240,   0, 192) ( 287,  47, 239) (   0,   0,   0))
         (( 240,   0, 240) ( 287,  47, 287) (   0,   0,   0))
         (( 240,   0, 288) ( 287,  47, 335) (   0,   0,   0))
         (( 240,   0, 336) ( 287,  47, 383) (   0,   0,   0))
         (( 240,   0, 384) ( 287,  47, 431) (   0,   0,   0))
         (( 240,   0, 432) ( 287,  47, 479) (   0,   0,   0))
         (( 240,   0, 480) ( 287,  47, 527) (   0,   0,   0))
         (( 240,   0, 528) ( 287,  47, 575) (   0,   0,   0))
         (( 240,   0, 576) ( 287,  47, 623) (   0,   0,   0))
         (( 240,   0, 624) ( 287,  47, 671) (   0,   0,   0))
         (( 240,   0, 672) ( 287,  47, 719) (   0,   0,   0))
         (( 240,   0, 720) ( 287,  47, 767) (   0,   0,   0))
         (( 240,  48,   0) ( 287,  95,  47) (   0,   0,   0))
         (( 240,  48,  48) ( 287,  95,  95) (   0,   0,   0))
         (( 240,  48,  96) ( 287,  95, 143) (   0,   0,   0))
         (( 240,  48, 144) ( 287,  95, 191) (   0,   0,   0))
         (( 240,  48, 192) ( 287,  95, 239) (   0,   0,   0))
         (( 240,  48, 240) ( 287,  95, 287) (   0,   0,   0))
         (( 240,  48, 288) ( 287,  95, 335) (   0,   0,   0))
         (( 240,  48, 336) ( 287,  95, 383) (   0,   0,   0))
         (( 240,  48, 384) ( 287,  95, 431) (   0,   0,   0))
         (( 240,  48, 432) ( 287,  95, 479) (   0,   0,   0))
         (( 240,  48, 480) ( 287,  95, 527) (   0,   0,   0))
         (( 240,  48, 528) ( 287,  95, 575) (   0,   0,   0))
         (( 240,  48, 576) ( 287,  95, 623) (   0,   0,   0))
         (( 240,  48, 624) ( 287,  95, 671) (   0,   0,   0))
         (( 240,  48, 672) ( 287,  95, 719) (   0,   0,   0))
         (( 240,  48, 720) ( 287,  95, 767) (   0,   0,   0))
         (( 240,  96,   0) ( 287, 143,  47) (   0,   0,   0))
         (( 240,  96,  48) ( 287, 143,  95) (   0,   0,   0))
         (( 240,  96,  96) ( 287, 143, 143) (   0,   0,   0))
         (( 240,  96, 144) ( 287, 143, 191) (   0,   0,   0))
         (( 240,  96, 192) ( 287, 143, 239) (   0,   0,   0))
         (( 240,  96, 240) ( 287, 143, 287) (   0,   0,   0))
         (( 240,  96, 288) ( 287, 143, 335) (   0,   0,   0))
         (( 240,  96, 336) ( 287, 143, 383) (   0,   0,   0))
         (( 240,  96, 384) ( 287, 143, 431) (   0,   0,   0))
         (( 240,  96, 432) ( 287, 143, 479) (   0,   0,   0))
         (( 240,  96, 480) ( 287, 143, 527) (   0,   0,   0))
         (( 240,  96, 528) ( 287, 143, 575) (   0,   0,   0))
         (( 240,  96, 576) ( 287, 143, 623) (   0,   0,   0))
         (( 240,  96, 624) ( 287, 143, 671) (   0,   0,   0))
         (( 240,  96, 672) ( 287, 143, 719) (   0,   0,   0))
         (( 240,  96, 720) ( 287, 143, 767) (   0,   0,   0))
         (( 240, 144,   0) ( 287, 191,  47) (   0,   0,   0))
         (( 240, 144,  48) ( 287, 191,  95) (   0,   0,   0))
         (( 240, 144,  96) ( 287, 191, 143) (   0,   0,   0))
         (( 240, 144, 144) ( 287, 191, 191) (   0,   0,   0))
         (( 240, 144, 192) ( 287, 191, 239) (   0,   0,   0))
         (( 240, 144, 240) ( 287, 191, 287) (   0,   0,   0))
         (( 240, 144, 288) ( 287, 191, 335) (   0,   0,   0))
         (( 240, 144, 336) ( 287, 191, 383) (   0,   0,   0))
         (( 240, 144, 384) ( 287, 191, 431) (   0,   0,   0))
         (( 240, 144, 432) ( 287, 191, 479) (   0,   0,   0))
         (( 240, 144, 480) ( 287, 191, 527) (   0,   0,   0))
         (( 240, 144, 528) ( 287, 191, 575) (   0,   0,   0))
         (( 240, 144, 576) ( 287, 191, 623) (   0,   0,   0))
         (( 240, 144, 624) ( 287, 191, 671) (   0,   0,   0))
         (( 240, 144, 672) ( 287, 191, 719) (   0,   0,   0))
         (( 240, 144, 720) ( 287, 191, 767) (   0,   0,   0))
         (( 240, 192,   0) ( 287, 239,  47) (   0,   0,   0))
         (( 240, 192,  48) ( 287, 239,  95) (   0,   0,   0))
         (( 240, 192,  96) ( 287, 239, 143) (   0,   0,   0))
         (( 240, 192, 144) ( 287, 239, 191) (   0,   0,   0))
         (( 240, 192, 192) ( 287, 239, 239) (   0,   0,   0))
         (( 240, 192, 240) ( 287, 239, 287) (   0,   0,   0))
         (( 240, 192, 288) ( 287, 239, 335) (   0,   0,   0))
         (( 240, 192, 336) ( 287, 239, 383) (   0,   0,   0))
         (( 240, 192, 384) ( 287, 239, 431) (   0,   0,   0))
         (( 240, 192, 432) ( 287, 239, 479) (   0,   0,   0))
         (( 240, 192, 480) ( 287, 239, 527) (   0,   0,   0))
         (( 240, 192, 528) ( 287, 239, 575) (   0,   0,   0))
         (( 240, 192, 576) ( 287, 239, 623) (   0,   0,   0))
         (( 240, 192, 624) ( 287, 239, 671) (   0,   0,   0))
         (( 240, 192, 672) ( 287, 239, 719) (   0,   0,   0))
         (( 240, 192, 720) ( 287, 239, 767) (   0,   0,   0))
         (( 240, 240,   0) ( 287, 287,  47) (   0,   0,   0))
         (( 240, 240,  48) ( 287, 287,  95) (   0,   0,   0))
         (( 240, 240,  96) ( 287, 287, 143) (   0,   0,   0))
         (( 240, 240, 144) ( 287, 287, 191) (   0,   0,   0))
         (( 240, 240, 192) ( 287, 287, 239) (   0,   0,   0))
         (( 240, 240, 240) ( 287, 287, 287) (   0,   0,   0))
         (( 240, 240, 288) ( 287, 287, 335) (   0,   0,   0))
         (( 240, 240, 336) ( 287, 287, 383) (   0,   0,   0))
         (( 240, 240, 384) ( 287, 287, 431) (   0,   0,   0))
         (( 240, 240, 432) ( 287, 287, 479) (   0,   0,   0))
         (( 240, 240, 480) ( 287, 287, 527) (   0,   0,   0))
         (( 240, 240, 528) ( 287, 287, 575) (   0,   0,   0))
         (( 240, 240, 576) ( 287, 287, 623) (   0,   0,   0))
         (( 240, 240, 624) ( 287, 287, 671) (   0,   0,   0))
         (( 240, 240, 672) ( 287, 287, 719) (   0,   0,   0))
         (( 240, 240, 720) ( 287, 287, 767) (   0,   0,   0))
         (( 240, 288,   0) ( 287, 335,  47) (   0,   0,   0))
         (( 240, 288,  48) ( 287, 335,  95) (   0,   0,   0))
         (( 240, 288,  96) ( 287, 335, 143) (   0,   0,   0))
         (( 240, 288, 144) ( 287, 335, 191) (   0,   0,   0))
         (( 240, 288, 192) ( 287, 335, 239) (   0,   0,   0))
         (( 240, 288, 240) ( 287, 335, 287) (   0,   0,   0))
         (( 240, 288, 288) ( 287, 335, 335) (   0,   0,   0))
         (( 240, 288, 336) ( 287, 335, 383) (   0,   0,   0))
         (( 240, 288, 384) ( 287, 335, 431) (   0,   0,   0))
         (( 240, 288, 432) ( 287, 335, 479) (   0,   0,   0))
         (( 240, 288, 480) ( 287, 335, 527) (   0,   0,   0))
         (( 240, 288, 528) ( 287, 335, 575) (   0,   0,   0))
         (( 240, 288, 576) ( 287, 335, 623) (   0,   0,   0))
         (( 240, 288, 624) ( 287, 335, 671) (   0,   0,   0))
         (( 240, 288, 672) ( 287, 335, 719) (   0,   0,   0))
         (( 240, 288, 720) ( 287, 335, 767) (   0,   0,   0))
         (( 240, 336,   0) ( 287, 383,  47) (   0,   0,   0))
         (( 240, 336,  48) ( 287, 383,  95) (   0,   0,   0))
         (( 240, 336,  96) ( 287, 383, 143) (   0,   0,   0))
         (( 240, 336, 144) ( 287, 383, 191) (   0,   0,   0))
         (( 240, 336, 192) ( 287, 383, 239) (   0,   0,   0))
         (( 240, 336, 240) ( 287, 383, 287) (   0,   0,   0))
         (( 240, 336, 288) ( 287, 383, 335) (   0,   0,   0))
         (( 240, 336, 336) ( 287, 383, 383) (   0,   0,   0))
         (( 240, 336, 384) ( 287, 383, 431) (   0,   0,   0))
         (( 240, 336, 432) ( 287, 383, 479) (   0,   0,   0))
         (( 240, 336, 480) ( 287, 383, 527) (   0,   0,   0))
         (( 240, 336, 528) ( 287, 383, 575) (   0,   0,   0))
         (( 240, 336, 576) ( 287, 383, 623) (   0,   0,   0))
         (( 240, 336, 624) ( 287, 383, 671) (   0,   0,   0))
         (( 240, 336, 672) ( 287, 383, 719) (   0,   0,   0))
         (( 240, 336, 720) ( 287, 383, 767) (   0,   0,   0))
         (( 288,   0,   0) ( 335,  47,  47) (   0,   0,   0))
         (( 288,   0,  48) ( 335,  47,  95) (   0,   0,   0))
         (( 288,   0,  96) ( 335,  47, 143) (   0,   0,   0))
         (( 288,   0, 144) ( 335,  47, 191) (   0,   0,   0))
         (( 288,   0, 192) ( 335,  47, 239) (   0,   0,   0))
         (( 288,   0, 240) ( 335,  47, 287) (   0,   0,   0))
         (( 288,   0, 288) ( 335,  47, 335) (   0,   0,   0))
         (( 288,   0, 336) ( 335,  47, 383) (   0,   0,   0))
         (( 288,   0, 384) ( 335,  47, 431) (   0,   0,   0))
         (( 288,   0, 432) ( 335,  47, 479) (   0,   0,   0))
         (( 288,   0, 480) ( 335,  47, 527) (   0,   0,   0))
         (( 288,   0, 528) ( 335,  47, 575) (   0,   0,   0))
         (( 288,   0, 576) ( 335,  47, 623) (   0,   0,   0))
         (( 288,   0, 624) ( 335,  47, 671) (   0,   0,   0))
         (( 288,   0, 672) ( 335,  47, 719) (   0,   0,   0))
         (( 288,   0, 720) ( 335,  47, 767) (   0,   0,   0))
         (( 288,  48,   0) ( 335,  95,  47) (   0,   0,   0))
         (( 288,  48,  48) ( 335,  95,  95) (   0,   0,   0))
         (( 288,  48,  96) ( 335,  95, 143) (   0,   0,   0))
         (( 288,  48, 144) ( 335,  95, 191) (   0,   0,   0))
         (( 288,  48, 192) ( 335,  95, 239) (   0,   0,   0))
         (( 288,  48, 240) ( 335,  95, 287) (   0,   0,   0))
         (( 288,  48, 288) ( 335,  95, 335) (   0,   0,   0))
         (( 288,  48, 336) ( 335,  95, 383) (   0,   0,   0))
         (( 288,  48, 384) ( 335,  95, 431) (   0,   0,   0))
         (( 288,  48, 432) ( 335,  95, 479) (   0,   0,   0))
         (( 288,  48, 480) ( 335,  95, 527) (   0,   0,   0))
         (( 288,  48, 528) ( 335,  95, 575) (   0,   0,   0))
         (( 288,  48, 576) ( 335,  95, 623) (   0,   0,   0))
         (( 288,  48, 624) ( 335,  95, 671) (   0,   0,   0))
         (( 288,  48, 672) ( 335,  95, 719) (   0,   0,   0))
         (( 288,  48, 720) ( 335,  95, 767) (   0,   0,   0))
         (( 288,  96,   0) ( 335, 143,  47) (   0,   0,   0))
         (( 288,  96,  48) ( 335, 143,  95) (   0,   0,   0))
         (( 288,  96,  96) ( 335, 143, 143) (   0,   0,   0))
         (( 288,  96, 144) ( 335, 143, 191) (   0,   0,   0))
         (( 288,  96, 192) ( 335, 143, 239) (   0,   0,   0))
         (( 288,  96, 240) ( 335, 143, 287) (   0,   0,   0))
         (( 288,  96, 288) ( 335, 143, 335) (   0,   0,   0))
         (( 288,  96, 336) ( 335, 143, 383) (   0,   0,   0))
         (( 288,  96, 384) ( 335, 143, 431) (   0,   0,   0))
         (( 288,  96, 432) ( 335, 143, 479) (   0,   0,   0))
         (( 288,  96, 480) ( 335, 143, 527) (   0,   0,   0))
         (( 288,  96, 528) ( 335, 143, 575) (   0,   0,   0))
         (( 288,  96, 576) ( 335, 143, 623) (   0,   0,   0))
         (( 288,  96, 624) ( 335, 143, 671) (   0,   0,   0))
         (( 288,  96, 672) ( 335, 143, 719) (   0,   0,   0))
         (( 288,  96, 720) ( 335, 143, 767) (   0,   0,   0))
         (( 288, 144,   0) ( 335, 191,  47) (   0,   0,   0))
         (( 288, 144,  48) ( 335, 191,  95) (   0,   0,   0))
         (( 288, 144,  96) ( 335, 191, 143) (   0,   0,   0))
         (( 288, 144, 144) ( 335, 191, 191) (   0,   0,   0))
         (( 288, 144, 192) ( 335, 191, 239) (   0,   0,   0))
         (( 288, 144, 240) ( 335, 191, 287) (   0,   0,   0))
         (( 288, 144, 288) ( 335, 191, 335) (   0,   0,   0))
         (( 288, 144, 336) ( 335, 191, 383) (   0,   0,   0))
         (( 288, 144, 384) ( 335, 191, 431) (   0,   0,   0))
         (( 288, 144, 432) ( 335, 191, 479) (   0,   0,   0))
         (( 288, 144, 480) ( 335, 191, 527) (   0,   0,   0))
         (( 288, 144, 528) ( 335, 191, 575) (   0,   0,   0))
         (( 288, 144, 576) ( 335, 191, 623) (   0,   0,   0))
         (( 288, 144, 624) ( 335, 191, 671) (   0,   0,   0))
         (( 288, 144, 672) ( 335, 191, 719) (   0,   0,   0))
         (( 288, 144, 720) ( 335, 191, 767) (   0,   0,   0))
         (( 288, 192,   0) ( 335, 239,  47) (   0,   0,   0))
         (( 288, 192,  48) ( 335, 239,  95) (   0,   0,   0))
         (( 288, 192,  96) ( 335, 239, 143) (   0,   0,   0))
         (( 288, 192, 144) ( 335, 239, 191) (   0,   0,   0))
         (( 288, 192, 192) ( 335, 239, 239) (   0,   0,   0))
         (( 288, 192, 240) ( 335, 239, 287) (   0,   0,   0))
         (( 288, 192, 288) ( 335, 239, 335) (   0,   0,   0))
         (( 288, 192, 336) ( 335, 239, 383) (   0,   0,   0))
         (( 288, 192, 384) ( 335, 239, 431) (   0,   0,   0))
         (( 288, 192, 432) ( 335, 239, 479) (   0,   0,   0))
         (( 288, 192, 480) ( 335, 239, 527) (   0,   0,   0))
         (( 288, 192, 528) ( 335, 239, 575) (   0,   0,   0))
         (( 288, 192, 576) ( 335, 239, 623) (   0,   0,   0))
         (( 288, 192, 624) ( 335, 239, 671) (   0,   0,   0))
         (( 288, 192, 672) ( 335, 239, 719) (   0,   0,   0))
         (( 288, 192, 720) ( 335, 239, 767) (   0,   0,   0))
         (( 288, 240,   0) ( 335, 287,  47) (   0,   0,   0))
         (( 288, 240,  48) ( 335, 287,  95) (   0,   0,   0))
         (( 288, 240,  96) ( 335, 287, 143) (   0,   0,   0))
         (( 288, 240, 144) ( 335, 287, 191) (   0,   0,   0))
         (( 288, 240, 192) ( 335, 287, 239) (   0,   0,   0))
         (( 288, 240, 240) ( 335, 287, 287) (   0,   0,   0))
         (( 288, 240, 288) ( 335, 287, 335) (   0,   0,   0))
         (( 288, 240, 336) ( 335, 287, 383) (   0,   0,   0))
         (( 288, 240, 384) ( 335, 287, 431) (   0,   0,   0))
         (( 288, 240, 432) ( 335, 287, 479) (   0,   0,   0))
         (( 288, 240, 480) ( 335, 287, 527) (   0,   0,   0))
         (( 288, 240, 528) ( 335, 287, 575) (   0,   0,   0))
         (( 288, 240, 576) ( 335, 287, 623) (   0,   0,   0))
         (( 288, 240, 624) ( 335, 287, 671) (   0,   0,   0))
         (( 288, 240, 672) ( 335, 287, 719) (   0,   0,   0))
         (( 288, 240, 720) ( 335, 287, 767) (   0,   0,   0))
         (( 288, 288,   0) ( 335, 335,  47) (   0,   0,   0))
         (( 288, 288,  48) ( 335, 335,  95) (   0,   0,   0))
         (( 288, 288,  96) ( 335, 335, 143) (   0,   0,   0))
         (( 288, 288, 144) ( 335, 335, 191) (   0,   0,   0))
         (( 288, 288, 192) ( 335, 335, 239) (   0,   0,   0))
         (( 288, 288, 240) ( 335, 335, 287) (   0,   0,   0))
         (( 288, 288, 288) ( 335, 335, 335) (   0,   0,   0))
         (( 288, 288, 336) ( 335, 335, 383) (   0,   0,   0))
         (( 288, 288, 384) ( 335, 335, 431) (   0,   0,   0))
         (( 288, 288, 432) ( 335, 335, 479) (   0,   0,   0))
         (( 288, 288, 480) ( 335, 335, 527) (   0,   0,   0))
         (( 288, 288, 528) ( 335, 335, 575) (   0,   0,   0))
         (( 288, 288, 576) ( 335, 335, 623) (   0,   0,   0))
         (( 288, 288, 624) ( 335, 335, 671) (   0,   0,   0))
         (( 288, 288, 672) ( 335, 335, 719) (   0,   0,   0))
         (( 288, 288, 720) ( 335, 335, 767) (   0,   0,   0))
         (( 288, 336,   0) ( 335, 383,  47) (   0,   0,   0))
         (( 288, 336,  48) ( 335, 383,  95) (   0,   0,   0))
         (( 288, 336,  96) ( 335, 383, 143) (   0,   0,   0))
         (( 288, 336, 144) ( 335, 383, 191) (   0,   0,   0))
         (( 288, 336, 192) ( 335, 383, 239) (   0,   0,   0))
         (( 288, 336, 240) ( 335, 383, 287) (   0,   0,   0))
         (( 288, 336, 288) ( 335, 383, 335) (   0,   0,   0))
         (( 288, 336, 336) ( 335, 383, 383) (   0,   0,   0))
         (( 288, 336, 384) ( 335, 383, 431) (   0,   0,   0))
         (( 288, 336, 432) ( 335, 383, 479) (   0,   0,   0))
         (( 288, 336, 480) ( 335, 383, 527) (   0,   0,   0))
         (( 288, 336, 528) ( 335, 383, 575) (   0,   0,   0))
         (( 288, 336, 576) ( 335, 383, 623) (   0,   0,   0))
         (( 288, 336, 624) ( 335, 383, 671) (   0,   0,   0))
         (( 288, 336, 672) ( 335, 383, 719) (   0,   0,   0))
         (( 288, 336, 720) ( 335, 383, 767) (   0,   0,   0))
         (( 336,   0,   0) ( 383,  47,  47) (   0,   0,   0))
         (( 336,   0,  48) ( 383,  47,  95) (   0,   0,   0))
         (( 336,   0,  96) ( 383,  47, 143) (   0,   0,   0))
         (( 336,   0, 144) ( 383,  47, 191) (   0,   0,   0))
         (( 336,   0, 192) ( 383,  47, 239) (   0,   0,   0))
         (( 336,   0, 240) ( 383,  47, 287) (   0,   0,   0))
         (( 336,   0, 288) ( 383,  47, 335) (   0,   0,   0))
         (( 336,   0, 336) ( 383,  47, 383) (   0,   0,   0))
         (( 336,   0, 384) ( 383,  47, 431) (   0,   0,   0))
         (( 336,   0, 432) ( 383,  47, 479) (   0,   0,   0))
         (( 336,   0, 480) ( 383,  47, 527) (   0,   0,   0))
         (( 336,   0, 528) ( 383,  47, 575) (   0,   0,   0))
         (( 336,   0, 576) ( 383,  47, 623) (   0,   0,   0))
         (( 336,   0, 624) ( 383,  47, 671) (   0,   0,   0))
         (( 336,   0, 672) ( 383,  47, 719) (   0,   0,   0))
         (( 336,   0, 720) ( 383,  47, 767) (   0,   0,   0))
         (( 336,  48,   0) ( 383,  95,  47) (   0,   0,   0))
         (( 336,  48,  48) ( 383,  95,  95) (   0,   0,   0))
         (( 336,  48,  96) ( 383,  95, 143) (   0,   0,   0))
         (( 336,  48, 144) ( 383,  95, 191) (   0,   0,   0))
         (( 336,  48, 192) ( 383,  95, 239) (   0,   0,   0))
         (( 336,  48, 240) ( 383,  95, 287) (   0,   0,   0))
         (( 336,  48, 288) ( 383,  95, 335) (   0,   0,   0))
         (( 336,  48, 336) ( 383,  95, 383) (   0,   0,   0))
         (( 336,  48, 384) ( 383,  95, 431) (   0,   0,   0))
         (( 336,  48, 432) ( 383,  95, 479) (   0,   0,   0))
         (( 336,  48, 480) ( 383,  95, 527) (   0,   0,   0))
         (( 336,  48, 528) ( 383,  95, 575) (   0,   0,   0))
         (( 336,  48, 576) ( 383,  95, 623) (   0,   0,   0))
         (( 336,  48, 624) ( 383,  95, 671) (   0,   0,   0))
         (( 336,  48, 672) ( 383,  95, 719) (   0,   0,   0))
         (( 336,  48, 720) ( 383,  95, 767) (   0,   0,   0))
         (( 336,  96,   0) ( 383, 143,  47) (   0,   0,   0))
         (( 336,  96,  48) ( 383, 143,  95) (   0,   0,   0))
         (( 336,  96,  96) ( 383, 143, 143) (   0,   0,   0))
         (( 336,  96, 144) ( 383, 143, 191) (   0,   0,   0))
         (( 336,  96, 192) ( 383, 143, 239) (   0,   0,   0))
         (( 336,  96, 240) ( 383, 143, 287) (   0,   0,   0))
         (( 336,  96, 288) ( 383, 143, 335) (   0,   0,   0))
         (( 336,  96, 336) ( 383, 143, 383) (   0,   0,   0))
         (( 336,  96, 384) ( 383, 143, 431) (   0,   0,   0))
         (( 336,  96, 432) ( 383, 143, 479) (   0,   0,   0))
         (( 336,  96, 480) ( 383, 143, 527) (   0,   0,   0))
         (( 336,  96, 528) ( 383, 143, 575) (   0,   0,   0))
         (( 336,  96, 576) ( 383, 143, 623) (   0,   0,   0))
         (( 336,  96, 624) ( 383, 143, 671) (   0,   0,   0))
         (( 336,  96, 672) ( 383, 143, 719) (   0,   0,   0))
         (( 336,  96, 720) ( 383, 143, 767) (   0,   0,   0))
         (( 336, 144,   0) ( 383, 191,  47) (   0,   0,   0))
         (( 336, 144,  48) ( 383, 191,  95) (   0,   0,   0))
         (( 336, 144,  96) ( 383, 191, 143) (   0,   0,   0))
         (( 336, 144, 144) ( 383, 191, 191) (   0,   0,   0))
         (( 336, 144, 192) ( 383, 191, 239) (   0,   0,   0))
         (( 336, 144, 240) ( 383, 191, 287) (   0,   0,   0))
         (( 336, 144, 288) ( 383, 191, 335) (   0,   0,   0))
         (( 336, 144, 336) ( 383, 191, 383) (   0,   0,   0))
         (( 336, 144, 384) ( 383, 191, 431) (   0,   0,   0))
         (( 336, 144, 432) ( 383, 191, 479) (   0,   0,   0))
         (( 336, 144, 480) ( 383, 191, 527) (   0,   0,   0))
         (( 336, 144, 528) ( 383, 191, 575) (   0,   0,   0))
         (( 336, 144, 576) ( 383, 191, 623) (   0,   0,   0))
         (( 336, 144, 624) ( 383, 191, 671) (   0,   0,   0))
         (( 336, 144, 672) ( 383, 191, 719) (   0,   0,   0))
         (( 336, 144, 720) ( 383, 191, 767) (   0,   0,   0))
         (( 336, 192,   0) ( 383, 239,  47) (   0,   0,   0))
         (( 336, 192,  48) ( 383, 239,  95) (   0,   0,   0))
         (( 336, 192,  96) ( 383, 239, 143) (   0,   0,   0))
         (( 336, 192, 144) ( 383, 239, 191) (   0,   0,   0))
         (( 336, 192, 192) ( 383, 239, 239) (   0,   0,   0))
         (( 336, 192, 240) ( 383, 239, 287) (   0,   0,   0))
         (( 336, 192, 288) ( 383, 239, 335) (   0,   0,   0))
         (( 336, 192, 336) ( 383, 239, 383) (   0,   0,   0))
         (( 336, 192, 384) ( 383, 239, 431) (   0,   0,   0))
         (( 336, 192, 432) ( 383, 239, 479) (   0,   0,   0))
         (( 336, 192, 480) ( 383, 239, 527) (   0,   0,   0))
         (( 336, 192, 528) ( 383, 239, 575) (   0,   0,   0))
         (( 336, 192, 576) ( 383, 239, 623) (   0,   0,   0))
         (( 336, 192, 624) ( 383, 239, 671) (   0,   0,   0))
         (( 336, 192, 672) ( 383, 239, 719) (   0,   0,   0))
         (( 336, 192, 720) ( 383, 239, 767) (   0,   0,   0))
         (( 336, 240,   0) ( 383, 287,  47) (   0,   0,   0))
         (( 336, 240,  48) ( 383, 287,  95) (   0,   0,   0))
         (( 336, 240,  96) ( 383, 287, 143) (   0,   0,   0))
         (( 336, 240, 144) ( 383, 287, 191) (   0,   0,   0))
         (( 336, 240, 192) ( 383, 287, 239) (   0,   0,   0))
         (( 336, 240, 240) ( 383, 287, 287) (   0,   0,   0))
         (( 336, 240, 288) ( 383, 287, 335) (   0,   0,   0))
         (( 336, 240, 336) ( 383, 287, 383) (   0,   0,   0))
         (( 336, 240, 384) ( 383, 287, 431) (   0,   0,   0))
         (( 336, 240, 432) ( 383, 287, 479) (   0,   0,   0))
         (( 336, 240, 480) ( 383, 287, 527) (   0,   0,   0))
         (( 336, 240, 528) ( 383, 287, 575) (   0,   0,   0))
         (( 336, 240, 576) ( 383, 287, 623) (   0,   0,   0))
         (( 336, 240, 624) ( 383, 287, 671) (   0,   0,   0))
         (( 336, 240, 672) ( 383, 287, 719) (   0,   0,   0))
         (( 336, 240, 720) ( 383, 287, 767) (   0,   0,   0))
         (( 336, 288,   0) ( 383, 335,  47) (   0,   0,   0))
         (( 336, 288,  48) ( 383, 335,  95) (   0,   0,   0))
         (( 336, 288,  96) ( 383, 335, 143) (   0,   0,   0))
         (( 336, 288, 144) ( 383, 335, 191) (   0,   0,   0))
         (( 336, 288, 192) ( 383, 335, 239) (   0,   0,   0))
         (( 336, 288, 240) ( 383, 335, 287) (   0,   0,   0))
         (( 336, 288, 288) ( 383, 335, 335) (   0,   0,   0))
         (( 336, 288, 336) ( 383, 335, 383) (   0,   0,   0))
         (( 336, 288, 384) ( 383, 335, 431) (   0,   0,   0))
         (( 336, 288, 432) ( 383, 335, 479) (   0,   0,   0))
         (( 336, 288, 480) ( 383, 335, 527) (   0,   0,   0))
         (( 336, 288, 528) ( 383, 335, 575) (   0,   0,   0))
         (( 336, 288, 576) ( 383, 335, 623) (   0,   0,   0))
         (( 336, 288, 624) ( 383, 335, 671) (   0,   0,   0))
         (( 336, 288, 672) ( 383, 335, 719) (   0,   0,   0))
         (( 336, 288, 720) ( 383, 335, 767) (   0,   0,   0))
         (( 336, 336,   0) ( 383, 383,  47) (   0,   0,   0))
         (( 336, 336,  48) ( 383, 383,  95) (   0,   0,   0))
         (( 336, 336,  96) ( 383, 383, 143) (   0,   0,   0))
         (( 336, 336, 144) ( 383, 383, 191) (   0,   0,   0))
         (( 336, 336, 192) ( 383, 383, 239) (   0,   0,   0))
         (( 336, 336, 240) ( 383, 383, 287) (   0,   0,   0))
         (( 336, 336, 288) ( 383, 383, 335) (   0,   0,   0))
         (( 336, 336, 336) ( 383, 383, 383) (   0,   0,   0))
         (( 336, 336, 384) ( 383, 383, 431) (   0,   0,   0))
         (( 336, 336, 432) ( 383, 383, 479) (   0,   0,   0))
         (( 336, 336, 480) ( 383, 383, 527) (   0,   0,   0))
         (( 336, 336, 528) ( 383, 383, 575) (   0,   0,   0))
         (( 336, 336, 576) ( 383, 383, 623) (   0,   0,   0))
         (( 336, 336, 624) ( 383, 383, 671) (   0,   0,   0))
         (( 336, 336, 672) ( 383, 383, 719) (   0,   0,   0))
         (( 336, 336, 720) ( 383, 383, 767) (   0,   0,   0))
